Date,Close,High,Low,Open,Volume,ticker
2018-01-02,71.09227752685547,71.11772111491327,71.06683393879766,71.11772111491327,1786000,SHY
2018-01-03,71.09227752685547,71.10923776192655,71.06683393879766,71.08379417386875,1040900,SHY
2018-01-04,71.05828094482422,71.07524763416937,71.03283738170249,71.04979760015163,955400,SHY
2018-01-05,71.05828094482422,71.06676428949679,71.04132072637506,71.04979760015163,850600,SHY
2018-01-08,71.05828094482422,71.07524763416937,71.04132072637506,71.07524763416937,597700,SHY
2018-01-09,71.03288269042969,71.07529296994821,71.03288269042969,71.07529296994821,1551100,SHY
2018-01-10,71.05828094482422,71.05828094482422,71.02435403702991,71.05828094482422,789500,SHY
2018-01-11,71.03288269042969,71.06680961986447,71.03288269042969,71.04984291969701,1047900,SHY
2018-01-12,71.02435302734375,71.07524662375971,71.00739280913571,71.07524662375971,905000,SHY
2018-01-16,71.01590728759766,71.03286751324119,70.95653679149716,70.95653679149716,2707400,SHY
2018-01-17,70.99046325683594,71.00742995481558,70.97350302975559,71.00742995481558,2950800,SHY
2018-01-18,70.97347259521484,70.99043281502237,70.95651237540731,70.97347259521484,1090700,SHY
2018-01-19,70.99895477294922,70.99895477294922,70.95655096492095,70.99047142298355,1052000,SHY
2018-01-22,70.96501159667969,70.97349494470312,70.9480513715314,70.97349494470312,973500,SHY
2018-01-23,71.00740051269531,71.00740051269531,70.9734736017026,70.9734736017026,885600,SHY
2018-01-24,70.99046325683594,70.99894660582575,70.96501968076578,70.99894660582575,865700,SHY
2018-01-25,70.97347259521484,70.99043281502237,70.93954568470326,70.98195594056688,757200,SHY
2018-01-26,70.93104553222656,70.99889933717176,70.92256865977966,70.99889933717176,990600,SHY
2018-01-29,70.90562438964844,70.9225910816962,70.88866416849773,70.91410773567232,1440100,SHY
2018-01-30,70.91414642333984,70.94807335504737,70.89717972203579,70.94807335504737,1708600,SHY
2018-01-31,70.91414642333984,70.93959000439534,70.87173614098029,70.93959000439534,2078700,SHY
2018-02-01,70.88526153564453,70.91922339253004,70.8682838459827,70.9107313089182,2243800,SHY
2018-02-02,70.89376068115234,70.91073837250535,70.8428211295308,70.87678298979934,1825500,SHY
2018-02-05,71.02112579345703,71.04659557276642,70.85131646878882,70.85131646878882,2019800,SHY
2018-02-06,70.97013092041016,71.02107692153471,70.90221371484233,70.90221371484233,2386700,SHY
2018-02-07,70.91922760009766,70.96168154311377,70.88526574119723,70.91073551598198,2054000,SHY
2018-02-08,70.927734375,70.95320415506015,70.87679481487972,70.91924228912542,1178600,SHY
2018-02-09,70.98717498779297,71.06358433762512,70.91075916039641,70.92774333429094,3159900,SHY
2018-02-12,70.95318603515625,70.97016372500609,70.92771626160054,70.97016372500609,1592800,SHY
2018-02-13,70.95318603515625,70.95318603515625,70.91922417789465,70.93620834530643,1292800,SHY
2018-02-14,70.85128784179688,70.89374177520155,70.83431015497148,70.89374177520155,953400,SHY
2018-02-15,70.8258056640625,70.85976750932394,70.8088279802116,70.84278982547305,1452800,SHY
2018-02-16,70.84282684326172,70.86829662112672,70.78339520238904,70.78339520238904,728400,SHY
2018-02-20,70.83433532714844,70.84282741235934,70.81735763428973,70.81735763428973,1448400,SHY
2018-02-21,70.84282684326172,70.85131245084136,70.79188080996869,70.83433475811904,1540700,SHY
2018-02-22,70.85128784179688,70.85977992398996,70.81733246814608,70.85128784179688,839300,SHY
2018-02-23,70.86832427978516,70.89379406759056,70.85134010287118,70.86832427978516,753800,SHY
2018-02-26,70.87677764892578,70.92771719670881,70.87677764892578,70.9022474228173,1445800,SHY
2018-02-27,70.8258056640625,70.91919911914158,70.81732006091687,70.91919911914158,852300,SHY
2018-02-28,70.84282684326172,70.86829662112672,70.83433475811904,70.85131245084136,3721300,SHY
2018-03-01,70.94142150878906,70.95841671980845,70.84793163756525,70.87342769621777,2049900,SHY
2018-03-02,70.90741729736328,70.92441250663177,70.88192124133745,70.92441250663177,1716600,SHY
2018-03-05,70.90741729736328,70.94141420014644,70.88192124133745,70.92441250663177,1112200,SHY
2018-03-06,70.89038848876953,70.92437889119635,70.88188764604126,70.90738368998294,737300,SHY
2018-03-07,70.89038848876953,70.92437889119635,70.88188764604126,70.89888284725468,1231000,SHY
2018-03-08,70.90741729736328,70.91591814412061,70.8904220880948,70.89891645060594,608900,SHY
2018-03-09,70.87345123291016,70.90744815048599,70.86495038245394,70.87345123291016,669000,SHY
2018-03-12,70.90741729736328,70.91591814412061,70.87342039458012,70.90741729736328,1281200,SHY
2018-03-13,70.92438507080078,70.94138675773866,70.90738986810659,70.92438507080078,609900,SHY
2018-03-14,70.91588592529297,70.95837717128245,70.88188903795543,70.89888423950258,1525800,SHY
2018-03-15,70.92438507080078,70.94138675773866,70.89888902463765,70.90738986810659,1106600,SHY
2018-03-16,70.89038848876953,70.92437889119635,70.89038848876953,70.92437889119635,878500,SHY
2018-03-19,70.89038848876953,70.92437889119635,70.873386803313,70.88188764604126,834900,SHY
2018-03-20,70.86492919921875,70.88193089504897,70.84793398763561,70.87343004713385,1074700,SHY
2018-03-21,70.91588592529297,70.92438028394491,70.82239610617555,70.83939130772269,2404500,SHY
2018-03-22,70.94986724853516,70.9753632873845,70.91587036865542,70.91587036865542,1954900,SHY
2018-03-23,70.96692657470703,70.98392178788349,70.93292966410642,70.94993136153057,1202800,SHY
2018-03-26,70.93289947509766,70.9668963712292,70.92439863000355,70.9499011652859,1729400,SHY
2018-03-27,70.98389434814453,71.00089603899644,70.93290224407913,70.93290224407913,1732600,SHY
2018-03-28,70.99240112304688,71.02639802334505,70.9584042227487,71.00090196918285,1899300,SHY
2018-03-29,71.01789093017578,71.01789093017578,70.96689882633686,70.96689882633686,2998600,SHY
2018-04-02,71.0383071899414,71.07234237257187,70.97874724322493,71.00427200731095,3047700,SHY
2018-04-03,71.00426483154297,71.02979608459609,70.97874007003651,71.02128566691172,3418600,SHY
2018-04-04,70.96172332763672,71.02128326632082,70.96172332763672,71.02128326632082,1717600,SHY
2018-04-05,70.978759765625,70.9872701856709,70.96174541708167,70.96174541708167,1109600,SHY
2018-04-06,71.0383071899414,71.0383071899414,70.99576808031382,71.02129284439984,1097400,SHY
2018-04-09,71.02979278564453,71.02979278564453,70.98724719074534,70.99575760803445,1738000,SHY
2018-04-10,70.99575805664062,71.01277239977999,70.97023329615837,70.98724763929773,1218500,SHY
2018-04-11,70.99575805664062,71.01277239977999,70.97873722195484,70.99575805664062,985600,SHY
2018-04-12,70.95326232910156,70.97028317574998,70.94475190577735,70.97028317574998,791100,SHY
2018-04-13,70.93619537353516,70.95320971601616,70.92768495652157,70.93619537353516,1040900,SHY
2018-04-16,70.9277114868164,70.93622190701329,70.90218671777434,70.91920106661952,1155900,SHY
2018-04-17,70.9277114868164,70.9277114868164,70.90218671777434,70.91920106661952,892300,SHY
2018-04-18,70.86815643310547,70.88517078312816,70.8596460123196,70.87666685389134,971700,SHY
2018-04-19,70.86815643310547,70.88517078312816,70.85113559153373,70.87666685389134,1410800,SHY
2018-04-20,70.84260559082031,70.86813035223526,70.83409517316645,70.85110951692752,904800,SHY
2018-04-23,70.8341064453125,70.84261686432066,70.8085816798357,70.84261686432066,1861100,SHY
2018-04-24,70.85113525390625,70.85113525390625,70.80008571253241,70.80859613327772,1999400,SHY
2018-04-25,70.84260559082031,70.85110951692752,70.81708082940537,70.81708082940537,2176400,SHY
2018-04-26,70.859619140625,70.8681295581835,70.83409437949605,70.8681295581835,2538700,SHY
2018-04-27,70.87665557861328,70.87665557861328,70.85112432031728,70.85112432031728,1443700,SHY
2018-04-30,70.85113525390625,70.87666651614218,70.85113525390625,70.85964567465156,1944700,SHY
2018-05-01,70.81959533691406,70.86219362884356,70.81959533691406,70.85367267054029,2027800,SHY
2018-05-02,70.84512329101562,70.85363774553515,70.81956042870623,70.83660233691249,1688600,SHY
2018-05-03,70.89625549316406,70.90477644960808,70.87921358027603,70.87921358027603,2961500,SHY
2018-05-04,70.87073516845703,70.91332697316865,70.86221420767923,70.89629155120174,1348100,SHY
2018-05-07,70.87073516845703,70.89629155120174,70.87073516845703,70.88777059042394,7560400,SHY
2018-05-08,70.87924194335938,70.87924194335938,70.86220652323982,70.87072748309359,9734900,SHY
2018-05-09,70.84512329101562,70.86215869963829,70.84512329101562,70.85363774553515,1009600,SHY
2018-05-10,70.84512329101562,70.87919410826095,70.84512329101562,70.87067965374142,937900,SHY
2018-05-11,70.84512329101562,70.86215869963829,70.84512329101562,70.86215869963829,710200,SHY
2018-05-14,70.84512329101562,70.85363774553515,70.83660233691249,70.85363774553515,1024700,SHY
2018-05-15,70.80255126953125,70.82810764173185,70.78550935500684,70.81107222679346,1087000,SHY
2018-05-16,70.80255126953125,70.81107222679346,70.79403031226904,70.80255126953125,704700,SHY
2018-05-17,70.81959533691406,70.82811629521733,70.8110808781976,70.82811629521733,1015700,SHY
2018-05-18,70.85367584228516,70.87923221875215,70.85367584228516,70.86219680096985,922800,SHY
2018-05-21,70.85367584228516,70.85367584228516,70.83664042450286,70.84516138318756,1286500,SHY
2018-05-22,70.85367584228516,70.86219680096985,70.83664042450286,70.84516138318756,793000,SHY
2018-05-23,70.91327667236328,70.93883303698013,70.87068489786323,70.87919935301278,1179600,SHY
2018-05-24,70.95594024658203,70.99001759729362,70.95594024658203,70.96446120915743,1384800,SHY
2018-05-25,71.01554870605469,71.03258412555137,71.00702774651248,71.00702774651248,611800,SHY
2018-05-29,71.22003173828125,71.25410908906373,71.07520787214825,71.07520787214825,2137500,SHY
2018-05-30,71.13483428955078,71.16891163682585,71.10927790399184,71.16891163682585,1674700,SHY
2018-05-31,71.10072326660156,71.13480059773647,71.07516689314697,71.12627964005615,5749300,SHY
2018-06-01,71.04613494873047,71.07173647925958,71.0290737711264,71.05466879224018,3230600,SHY
2018-06-04,70.98641204833984,71.03760860069337,70.98641204833984,71.02054091343705,1146300,SHY
2018-06-05,71.029052734375,71.0631815888905,70.9949238798595,71.02051889339278,16965800,SHY
2018-06-06,71.00344848632812,71.02050965666024,70.99491464645578,71.00344848632812,4984700,SHY
2018-06-07,71.07173156738281,71.1058539202327,70.99493999993335,70.99493999993335,4351000,SHY
2018-06-08,71.05464935302734,71.0802443671388,71.03758818009089,71.05464935302734,2376000,SHY
2018-06-11,71.029052734375,71.03758657535722,70.9949238798595,71.01199156182396,3759000,SHY
2018-06-12,70.99496459960938,71.01203229136314,70.99496459960938,70.99496459960938,3024700,SHY
2018-06-13,70.96078491210938,71.01198144129286,70.93518990222387,70.99491376176087,2351600,SHY
2018-06-14,70.98641204833984,70.994945891968,70.96935087049896,70.97788471412711,1737400,SHY
2018-06-15,71.02051544189453,71.04611045418392,71.01198811074013,71.02051544189453,2663700,SHY
2018-06-18,71.03760528564453,71.03760528564453,71.0120102653699,71.02053759918469,1027000,SHY
2018-06-19,71.0632095336914,71.07174337802947,71.04614184501527,71.07174337802947,2348500,SHY
2018-06-20,71.029052734375,71.0631815888905,71.02051889339278,71.05464774790828,1369300,SHY
2018-06-21,71.07173156738281,71.08025890088784,71.03760270511803,71.03760270511803,825200,SHY
2018-06-22,71.08021545410156,71.08021545410156,71.05462045040129,71.07168812580875,1154300,SHY
2018-06-25,71.10587310791016,71.1144069531329,71.08027808165856,71.0888119268813,721300,SHY
2018-06-26,71.10587310791016,71.1144069531329,71.0888119268813,71.10587310791016,3127700,SHY
2018-06-27,71.1485366821289,71.15707052745451,71.11440781024324,71.1400028368033,4012200,SHY
2018-06-28,71.1485366821289,71.16560437278011,71.12294165556884,71.16560437278011,1050000,SHY
2018-06-29,71.13143920898438,71.13996654054253,71.11437152704127,71.12290536801282,4904600,SHY
2018-07-02,71.12290954589844,71.14854453785283,71.09726803436318,71.14854453785283,3517800,SHY
2018-07-03,71.14856719970703,71.14856719970703,71.10583785311921,71.12293219958752,1330300,SHY
2018-07-05,71.13996124267578,71.15704905544128,71.11432626373875,71.13996124267578,1892600,SHY
2018-07-06,71.1570816040039,71.1570816040039,71.13999378342211,71.1570816040039,3113200,SHY
2018-07-09,71.11437225341797,71.14000724893314,71.11437225341797,71.13146007723417,1378700,SHY
2018-07-10,71.10582733154297,71.1229216754818,71.09728015957354,71.1229216754818,2161800,SHY
2018-07-11,71.13142395019531,71.13142395019531,71.09724180034196,71.12288330241581,953300,SHY
2018-07-12,71.12290954589844,71.12290954589844,71.09726803436318,71.10581520487494,1299000,SHY
2018-07-13,71.13996124267578,71.1485084088473,71.12287342991027,71.13996124267578,1241400,SHY
2018-07-16,71.12290954589844,71.12290954589844,71.09726803436318,71.11436237538669,1530600,SHY
2018-07-17,71.11437225341797,71.13146007723417,71.10582508171898,71.13146007723417,2830600,SHY
2018-07-18,71.10582733154297,71.1229216754818,71.09728015957354,71.1229216754818,972800,SHY
2018-07-19,71.13996124267578,71.17414338778433,71.10577909756722,71.10577909756722,1185300,SHY
2018-07-20,71.13996124267578,71.17414338778433,71.13141407650426,71.1655962216128,1730800,SHY
2018-07-23,71.09723663330078,71.1399659474067,71.09723663330078,71.13141878066992,1083100,SHY
2018-07-24,71.10582733154297,71.10582733154297,71.08019233521668,71.10582733154297,1563400,SHY
2018-07-25,71.08013916015625,71.11432130288028,71.08013916015625,71.105774137305,682800,SHY
2018-07-26,71.08013916015625,71.105774137305,71.0545041830075,71.09722697172973,2208500,SHY
2018-07-27,71.08873748779297,71.10582531166443,71.08019031606635,71.08873748779297,1425300,SHY
2018-07-30,71.08873748779297,71.0972781399378,71.08019031606635,71.08873748779297,4199600,SHY
2018-07-31,71.08873748779297,71.10582531166443,71.08873748779297,71.10582531166443,2525700,SHY
2018-08-01,71.09555053710938,71.10411190723644,71.07843432726723,71.0869956973943,9125200,SHY
2018-08-02,71.13839721679688,71.13839721679688,71.1127196200941,71.12127446538419,1911300,SHY
2018-08-03,71.14693450927734,71.16405072447994,71.1298117636607,71.1298117636607,1371200,SHY
2018-08-06,71.1640396118164,71.17260098328782,71.15547824034499,71.17260098328782,1148200,SHY
2018-08-07,71.13839721679688,71.15551343779332,71.12127446538419,71.15551343779332,927500,SHY
2018-08-08,71.14693450927734,71.15548935167162,71.13837313646901,71.15548935167162,1438200,SHY
2018-08-09,71.18970489501953,71.18970489501953,71.16402731545512,71.16402731545512,660700,SHY
2018-08-10,71.2582015991211,71.26676297137254,71.22396264052894,71.23252401278039,1496600,SHY
2018-08-13,71.24109649658203,71.25821271334094,71.22397374940849,71.23253512299526,1577400,SHY
2018-08-14,71.24109649658203,71.24109649658203,71.22397374940849,71.24109649658203,1285500,SHY
2018-08-15,71.27532196044922,71.29244470594841,71.24108953027883,71.25820574536402,775000,SHY
2018-08-16,71.2582015991211,71.27531781321036,71.24108538503182,71.2582015991211,988000,SHY
2018-08-17,71.28388214111328,71.2924435137197,71.26676592631432,71.27532076850686,783400,SHY
2018-08-20,71.32666778564453,71.32666778564453,71.29242883268344,71.30954504395771,761700,SHY
2018-08-21,71.30955505371094,71.30955505371094,71.29243884003407,71.29243884003407,1449900,SHY
2018-08-22,71.32666778564453,71.33522262607539,71.30954504395771,71.31810641480112,609800,SHY
2018-08-23,71.31808471679688,71.33520092286366,71.3095233485582,71.32664608503555,702700,SHY
2018-08-24,71.32666778564453,71.32666778564453,71.29242883268344,71.29242883268344,2277200,SHY
2018-08-27,71.30095672607422,71.3095115624884,71.29239535925058,71.29239535925058,952800,SHY
2018-08-28,71.27532196044922,71.29244470594841,71.26676711811362,71.27532196044922,931800,SHY
2018-08-29,71.26675415039062,71.28387036236136,71.24963140800709,71.28387036236136,582200,SHY
2018-08-30,71.31808471679688,71.31808471679688,71.28384577425274,71.28384577425274,1657100,SHY
2018-08-31,71.33525085449219,71.34381222872345,71.32669601067605,71.33525085449219,4047500,SHY
2018-09-04,71.3189697265625,71.34468774519117,71.29325170793382,71.3275380389744,1358700,SHY
2018-09-05,71.3189697265625,71.3275380389744,71.30182002034572,71.3189697265625,846300,SHY
2018-09-06,71.34464263916016,71.3703606415292,71.32749294378588,71.33606779147301,5085900,SHY
2018-09-07,71.26750183105469,71.30179469060933,71.26750183105469,71.30179469060933,835500,SHY
2018-09-10,71.27607727050781,71.28465212064093,71.26750242037471,71.27607727050781,623800,SHY
2018-09-11,71.23319244384766,71.25034213999295,71.21604928839501,71.23319244384766,763700,SHY
2018-09-12,71.23319244384766,71.25034213999295,71.21604928839501,71.25034213999295,687600,SHY
2018-09-13,71.24180603027344,71.25038088300875,71.22466286549904,71.24180603027344,687200,SHY
2018-09-14,71.21607208251953,71.22464693333673,71.19892892157988,71.19892892157988,718500,SHY
2018-09-17,71.19895935058594,71.22467737333416,71.19895935058594,71.20752766437032,2312900,SHY
2018-09-18,71.19037628173828,71.216094301519,71.17322657475327,71.216094301519,860400,SHY
2018-09-19,71.17322540283203,71.18180025618335,71.15608223682608,71.17322540283203,659800,SHY
2018-09-20,71.19895935058594,71.19895935058594,71.15609161887386,71.15609161887386,945300,SHY
2018-09-21,71.18180847167969,71.20752649400521,71.1732336173387,71.18180847167969,1873300,SHY
2018-09-24,71.18180847167969,71.20752649400521,71.1732336173387,71.18180847167969,777100,SHY
2018-09-25,71.19037628173828,71.19037628173828,71.16465826195756,71.17322657475327,1217500,SHY
2018-09-26,71.19895935058594,71.21610251885224,71.1818096416221,71.1818096416221,1325900,SHY
2018-09-27,71.19895935058594,71.21610251885224,71.19895935058594,71.21610251885224,901900,SHY
2018-09-28,71.23319244384766,71.25034213999295,71.23319244384766,71.23319244384766,2340300,SHY
2018-10-01,71.2134780883789,71.24782759170628,71.2134780883789,71.23923857799997,3392500,SHY
2018-10-02,71.23919677734375,71.26495725184947,71.23060776867717,71.23060776867717,3058600,SHY
2018-10-03,71.20489501953125,71.23924452572643,71.17913452775946,71.22207304837805,1468200,SHY
2018-10-04,71.18772888183594,71.18772888183594,71.16196838813191,71.16196838813191,1245400,SHY
2018-10-05,71.17913818359375,71.17913818359375,71.15337769049887,71.17054916872921,1692100,SHY
2018-10-08,71.16194915771484,71.20488111845357,71.16194915771484,71.1791206317109,1601900,SHY
2018-10-09,71.18772888183594,71.1963178969036,71.17055085170064,71.18772888183594,2939000,SHY
2018-10-10,71.20489501953125,71.21348403395464,71.16196305041106,71.16196305041106,1956800,SHY
2018-10-11,71.23065185546875,71.27359037388358,71.21348037900167,71.23924086945134,2116100,SHY
2018-10-12,71.23065185546875,71.28217938786617,71.23065185546875,71.2564188974165,2273900,SHY
2018-10-15,71.25643157958984,71.26501404360185,71.23925354856735,71.26501404360185,1770500,SHY
2018-10-16,71.23065185546875,71.24782988343391,71.22206939298425,71.24782988343391,2148800,SHY
2018-10-17,71.23065185546875,71.26500135990099,71.2048913650191,71.24782988343391,1607400,SHY
2018-10-18,71.27357482910156,71.28216384121087,71.20487583522034,71.21346484732966,1329400,SHY
2018-10-19,71.23065185546875,71.26500135990099,71.22206939298425,71.26500135990099,4100700,SHY
2018-10-22,71.2134780883789,71.24782759170628,71.2134780883789,71.22206710208522,2028000,SHY
2018-10-23,71.25643157958984,71.3165415851701,71.25643157958984,71.29936355414759,2864700,SHY
2018-10-24,71.36803436279297,71.36803436279297,71.29074635674289,71.29074635674289,2957300,SHY
2018-10-25,71.34227752685547,71.35944900046894,71.32509950174502,71.35085998791371,2679900,SHY
2018-10-26,71.38522338867188,71.43675092254108,71.37664092594223,71.3938124028998,3797300,SHY
2018-10-29,71.41096496582031,71.4195474254894,71.3594374503261,71.36802646149111,4785400,SHY
2018-10-30,71.37663269042969,71.38521515216908,71.35086565071897,71.38521515216908,5203700,SHY
2018-10-31,71.34227752685547,71.35944900046894,71.31651704068678,71.33368851430023,12635800,SHY
2018-11-01,71.38188171386719,71.39047928769088,71.34747172947206,71.3646734401529,3623600,SHY
2018-11-02,71.29582214355469,71.34744037898274,71.29582214355469,71.3388362459063,3723800,SHY
2018-11-05,71.32162475585938,71.33022232472545,71.30441649206786,71.33022232472545,2361000,SHY
2018-11-06,71.30445098876953,71.31305512482793,71.2872492796856,71.29584685271114,4431500,SHY
2018-11-07,71.27864837646484,71.29585008632897,71.27004424001622,71.28725251291348,1675000,SHY
2018-11-08,71.27002716064453,71.29583300077309,71.25282545490268,71.29583300077309,1332800,SHY
2018-11-09,71.30445098876953,71.33025683391186,71.2786451436272,71.2786451436272,1229500,SHY
2018-11-12,71.35601806640625,71.3818304584432,71.33021223739804,71.33021223739804,994300,SHY
2018-11-13,71.36463928222656,71.3818475477043,71.3560351494877,71.3560351494877,2990100,SHY
2018-11-14,71.41625213623047,71.4592662376074,71.3646404650025,71.37324459788397,3329800,SHY
2018-11-15,71.45066833496094,71.49368244008853,71.43346663072849,71.47647417282509,1952400,SHY
2018-11-16,71.50227355957031,71.51947526067187,71.48506529543896,71.50227355957031,1293200,SHY
2018-11-19,71.56249237060547,71.57108994000329,71.49367243724247,71.50227656967036,1547700,SHY
2018-11-20,71.54530334472656,71.57110918591952,71.5367057730168,71.55390747946817,2307600,SHY
2018-11-21,71.54530334472656,71.55390747946817,71.5281016382752,71.55390747946817,9309900,SHY
2018-11-23,71.528076171875,71.57108370420718,71.528076171875,71.57108370420718,1666200,SHY
2018-11-26,71.53669738769531,71.53669738769531,71.51088498649617,71.52809325396227,1764000,SHY
2018-11-27,71.54530334472656,71.55390747946817,71.5194975035336,71.5281016382752,1555200,SHY
2018-11-28,71.57107543945312,71.58828370082246,71.5194637814026,71.53667204277194,2986100,SHY
2018-11-29,71.58829498291016,71.61410081600232,71.57108671882885,71.60549668396168,2217300,SHY
2018-11-30,71.6141128540039,71.63131455794695,71.57970288308692,71.58830701657389,4712700,SHY
2018-12-03,71.55550384521484,71.598584861565,71.55550384521484,71.57273493690624,2828800,SHY
2018-12-04,71.60720825195312,71.64167701177298,71.58135832564915,71.58135832564915,4062000,SHY
2018-12-06,71.67615509033203,71.77956138323565,71.67615509033203,71.71062385463324,4012200,SHY
2018-12-07,71.7536849975586,71.7623038298069,71.67613523005208,71.68475406230039,2079300,SHY
2018-12-10,71.7536849975586,71.80539141680569,71.72783507505642,71.74507273955304,9725100,SHY
2018-12-11,71.68474578857422,71.74506445886499,71.67612695732069,71.71921453934638,5675500,SHY
2018-12-12,71.67615509033203,71.70200501999679,71.67615509033203,71.67615509033203,4565500,SHY
2018-12-13,71.74508666992188,71.74508666992188,71.71061790847878,71.71923674240055,7531900,SHY
2018-12-14,71.7881851196289,71.79680395564316,71.74510408804893,71.75371634981755,4449200,SHY
2018-12-17,71.85713195800781,71.85713195800781,71.77958214658106,71.79681324659374,5815300,SHY
2018-12-18,71.89939880371094,71.90802995570755,71.84762505901121,71.86488077936447,6567000,SHY
2018-12-19,71.9166488647461,71.95116688637624,71.85624397280318,71.9166488647461,12278900,SHY
2018-12-20,71.90803527832031,71.93392215258632,71.89077297304934,71.92529099995083,7297300,SHY
2018-12-21,71.95980072021484,71.95980072021484,71.89939582602015,71.90802697765932,5548800,SHY
2018-12-24,72.02020263671875,72.02020263671875,71.96842889630382,71.96842889630382,4049100,SHY
2018-12-26,71.95117950439453,72.06336474027623,71.95117950439453,72.03747786542372,6207700,SHY
2018-12-27,72.02883911132812,72.08924400748961,72.02020795940794,72.02020795940794,4207700,SHY
2018-12-28,72.13233947753906,72.13233947753906,72.05467891191084,72.06331005819251,6740100,SHY
2018-12-31,72.15827178955078,72.20141437692973,72.09786690030892,72.11512261853267,4892300,SHY
2019-01-02,72.16691589355469,72.17554704682273,72.1410290173915,72.16691589355469,5380200,SHY
2019-01-03,72.3135986328125,72.34811006880409,72.16689540347245,72.17552655428989,5284600,SHY
2019-01-04,72.15827178955078,72.21004552786118,72.15827178955078,72.20141437692973,5969500,SHY
2019-01-07,72.10649108886719,72.20141399769713,72.10649108886719,72.18415827956402,3632600,SHY
2019-01-08,72.06336975097656,72.10651235085034,72.05473859754538,72.08062547419786,2061600,SHY
2019-01-09,72.09789276123047,72.12377963967108,72.06337472876247,72.06337472876247,4161900,SHY
2019-01-10,72.10649108886719,72.16689597779178,72.09786652162019,72.14964025965867,4037300,SHY
2019-01-11,72.14965057373047,72.16690629433036,72.1410194216105,72.14965057373047,2057100,SHY
2019-01-14,72.14965057373047,72.18416859857031,71.99432275377121,72.16690629433036,1872800,SHY
2019-01-15,72.17552947998047,72.19279178231507,72.14964261011791,72.18416063114778,3311300,SHY
2019-01-16,72.15827178955078,72.16689635684308,72.12375376946412,72.14100948768787,3262200,SHY
2019-01-17,72.14965057373047,72.16690629433036,72.1237637010106,72.15828172585044,2507700,SHY
2019-01-18,72.08924102783203,72.13238361836994,72.07197872470516,72.12375905044614,4135300,SHY
2019-01-22,72.14965057373047,72.14965057373047,72.11513254889063,72.1237637010106,4049800,SHY
2019-01-23,72.13233947753906,72.15823291638408,72.10645262232966,72.123714914893,7921700,SHY
2019-01-24,72.19283294677734,72.21008867531185,72.16693947851094,72.18420179068855,2013000,SHY
2019-01-25,72.14096069335938,72.17547869009893,72.1323295482658,72.16684754500537,1603500,SHY
2019-01-28,72.14965057373047,72.17553744645033,72.13238826949052,72.1410194216105,5781000,SHY
2019-01-29,72.18415832519531,72.19278947608689,72.16689602341216,72.16689602341216,4065700,SHY
2019-01-30,72.27909088134766,72.27909088134766,72.16690565570093,72.18416795978811,3635000,SHY
2019-01-31,72.33946990966797,72.35672562394448,72.30495189747728,72.30495189747728,7267100,SHY
2019-02-01,72.25479888916016,72.32396036423772,72.25479888916016,72.3066666976677,7391200,SHY
2019-02-04,72.25479888916016,72.2720859601289,72.23750522259013,72.26343912684389,9052500,SHY
2019-02-05,72.25479888916016,72.28073279341392,72.24615205587514,72.24615205587514,3074100,SHY
2019-02-06,72.2893295288086,72.30661658779708,72.2720358742234,72.29796976050449,2689800,SHY
2019-02-07,72.34121704101562,72.3585041047212,72.315283147658,72.33257021136357,2483100,SHY
2019-02-08,72.36711883544922,72.40169954312039,72.36711883544922,72.3844124870826,2459500,SHY
2019-02-11,72.34121704101562,72.3585041047212,72.33257021136357,72.34121704101562,3230700,SHY
2019-02-12,72.33258819580078,72.34988185940469,72.32394795959898,72.34123502760274,2366000,SHY
2019-02-13,72.28072357177734,72.31530430490429,72.28072357177734,72.2893704039592,3539200,SHY
2019-02-14,72.37578582763672,72.38443265586271,72.33255828210419,72.36713899941073,5773800,SHY
2019-02-15,72.34121704101562,72.3585041047212,72.34121704101562,72.3585041047212,3556400,SHY
2019-02-19,72.39308166503906,72.39308166503906,72.35850094354015,72.37579460208872,8248500,SHY
2019-02-20,72.38443756103516,72.41037145187313,72.36714390341126,72.38443756103516,2679800,SHY
2019-02-21,72.35848999023438,72.36713681819974,72.34984975786624,72.36713681819974,2136700,SHY
2019-02-22,72.41036224365234,72.42764930348002,72.37578152839995,72.37578152839995,2640800,SHY
2019-02-25,72.40171813964844,72.40171813964844,72.36713742309514,72.38443107917043,2964300,SHY
2019-02-26,72.43630981445312,72.43630981445312,72.40172909266842,72.41901615576162,4570700,SHY
2019-02-27,72.41901397705078,72.41901397705078,72.3844398519045,72.41037374356326,2463500,SHY
2019-02-28,72.40171813964844,72.41036496768608,72.37578425113279,72.40171813964844,4136600,SHY
2019-03-01,72.35323333740234,72.37921500671665,72.3359078193601,72.37055224769553,3697800,SHY
2019-03-04,72.37052917480469,72.38785468732328,72.34454751377376,72.35321027003306,6418800,SHY
2019-03-05,72.37921905517578,72.37921905517578,72.33591186539688,72.35323738440822,6175900,SHY
2019-03-06,72.43119812011719,72.43119812011719,72.37923476730182,72.37923476730182,4167300,SHY
2019-03-07,72.49180603027344,72.50046878948423,72.44850544971784,72.44850544971784,3215500,SHY
2019-03-08,72.51776885986328,72.52642500828725,72.48312444292675,72.50044334752157,2626900,SHY
2019-03-11,72.50045013427734,72.50911289125912,72.4831312280613,72.50911289125912,2213500,SHY
2019-03-12,72.52642822265625,72.53509097921103,72.50044656073906,72.50044656073906,3665600,SHY
2019-03-13,72.53510284423828,72.53510284423828,72.50912117807111,72.51778393604293,1174200,SHY
2019-03-14,72.55241394042969,72.55241394042969,72.51777612776856,72.53509503409913,1173300,SHY
2019-03-15,72.57841491699219,72.58707106779903,72.5610893998811,72.56975215843664,1570400,SHY
2019-03-18,72.56108093261719,72.57840644770654,72.55241817507252,72.56108093261719,1092000,SHY
2019-03-19,72.55241394042969,72.56107669746875,72.52643227706007,72.54375779113818,1000100,SHY
2019-03-20,72.65635681152344,72.66501956970828,72.56108629473553,72.56108629473553,2459400,SHY
2019-03-21,72.65635681152344,72.6736823278931,72.63903790290219,72.6736823278931,1371100,SHY
2019-03-22,72.77760314941406,72.7949286643921,72.70831430499771,72.70831430499771,3113600,SHY
2019-03-25,72.85557556152344,72.89887614584096,72.78628669731567,72.80360560949272,3572700,SHY
2019-03-26,72.84690856933594,72.8642274805068,72.80360137978468,72.82092689870494,2374600,SHY
2019-03-27,72.90753173828125,72.93351340786747,72.88155006869503,72.89886897916946,1872500,SHY
2019-03-28,72.89888000488281,72.90754276530481,72.86423557094496,72.89888000488281,1322700,SHY
2019-03-29,72.85557556152344,72.86423171373707,72.82093112941955,72.83825004159661,2277100,SHY
2019-04-01,72.78094482421875,72.83300967289645,72.76358546088801,72.81565693022297,4381700,SHY
2019-04-02,72.815673828125,72.82434689114582,72.78963477708616,72.79831446076578,2662200,SHY
2019-04-03,72.78094482421875,72.79829756689223,72.77226514255338,72.78961788522686,5005500,SHY
2019-04-04,72.79828643798828,72.80696611832676,72.78093369796757,72.80696611832676,1481200,SHY
2019-04-05,72.78961181640625,72.79829149734796,72.77225907517955,72.78093875612126,6617100,SHY
2019-04-08,72.77227020263672,72.80698231105458,72.76359052036783,72.7896229465168,2756400,SHY
2019-04-09,72.78094482421875,72.81565693022297,72.78094482421875,72.79829756689223,3661900,SHY
2019-04-10,72.84166717529297,72.84166717529297,72.81563475888062,72.81563475888062,2364300,SHY
2019-04-11,72.79828643798828,72.82431885834747,72.79828643798828,72.80696611832676,3379200,SHY
2019-04-12,72.75491333007812,72.7722726952105,72.74624026816988,72.75491333007812,1213300,SHY
2019-04-15,72.76356506347656,72.7722447427088,72.74621232566747,72.74621232566747,1021400,SHY
2019-04-16,72.75491333007812,72.76359301264431,72.7288809030375,72.75491333007812,1335700,SHY
2019-04-17,72.78094482421875,72.78094482421875,72.75490577922264,72.75490577922264,1600600,SHY
2019-04-18,72.79828643798828,72.81564579866524,72.78960675764979,72.80696611832676,1076800,SHY
2019-04-22,72.80696105957031,72.81564073930572,72.79828137983492,72.80696105957031,6156400,SHY
2019-04-23,72.84166717529297,72.85034023366026,72.82430781724791,72.82430781724791,1824600,SHY
2019-04-24,72.88506317138672,72.90242253201413,72.87639011172924,72.88506317138672,3424400,SHY
2019-04-25,72.88506317138672,72.91109559167161,72.88506317138672,72.90242253201413,903000,SHY
2019-04-26,72.96316528320312,72.96316528320312,72.94580592299675,72.95448560309994,2275800,SHY
2019-04-29,72.93714904785156,72.95450179125234,72.92846936582241,72.93714904785156,1009300,SHY
2019-04-30,72.98921203613281,72.98921203613281,72.92846750479393,72.94582024775188,1876000,SHY
2019-05-01,72.92487335205078,73.07267558999783,72.91618417502298,72.96834576902806,1313600,SHY
2019-05-02,72.89007568359375,72.93354808800976,72.89007568359375,72.92485228053502,2138700,SHY
2019-05-03,72.91618347167969,72.94226426843066,72.8987918518727,72.91618347167969,1332300,SHY
2019-05-06,72.95960235595703,72.97699396458448,72.95091318459855,72.96829816027075,1312200,SHY
2019-05-07,72.99443817138672,73.01182979412654,72.9857423600168,72.9857423600168,2815200,SHY
2019-05-08,72.98574829101562,73.02922071843726,72.97705911190023,73.0118357272453,1474500,SHY
2019-05-09,73.0291976928711,73.08135928296196,73.02050188353627,73.0465826785817,1297000,SHY
2019-05-10,73.04657745361328,73.09004986421883,73.02919246914622,73.05527326232611,1558700,SHY
2019-05-13,73.13350677490234,73.15958756255468,73.11611516116267,73.1248109680325,2720800,SHY
2019-05-14,73.13350677490234,73.142195948815,73.10741935429283,73.13350677490234,3785700,SHY
2019-05-15,73.1856689453125,73.2117497331769,73.15089235050756,73.2117497331769,1521800,SHY
2019-05-16,73.14222717285156,73.15961879401563,73.13353799522955,73.15092298343359,1046600,SHY
2019-05-17,73.15959167480469,73.19436827128162,73.13351088568638,73.185672463923,1067900,SHY
2019-05-20,73.12480163574219,73.16827403158618,73.12480163574219,73.15088242006605,1095900,SHY
2019-05-21,73.0900650024414,73.1161458010231,73.08136919192754,73.10744999050921,1161500,SHY
2019-05-22,73.12480163574219,73.14218661430598,73.11610582998212,73.13349744150226,2067700,SHY
2019-05-23,73.25523376464844,73.28131455665333,73.17698475567548,73.17698475567548,2773800,SHY
2019-05-24,73.22916412353516,73.24654910986627,73.21177250424475,73.23785330022106,1019600,SHY
2019-05-28,73.29002380371094,73.29002380371094,73.2378555771771,73.25524719700822,1130400,SHY
2019-05-29,73.2987060546875,73.35956345242698,73.29001687855249,73.33348265810419,2632000,SHY
2019-05-30,73.35954284667969,73.36823865333105,73.28999629233992,73.31607707933696,1929400,SHY
2019-05-31,73.51602172851562,73.54210251108766,73.42908357562352,73.42908357562352,11965500,SHY
2019-06-03,73.65457153320312,73.68941113400732,73.55003279206439,73.58487903911063,4621900,SHY
2019-06-04,73.60232543945312,73.6197518923952,73.54134614664474,73.55877259958682,3320400,SHY
2019-06-05,73.63715362548828,73.72426593008437,73.62844040115583,73.69813290332982,14753000,SHY
2019-06-06,73.59358978271484,73.67198885124573,73.58487655968636,73.6458558284021,20687700,SHY
2019-06-07,73.67198944091797,73.73296871012178,73.64585641786518,73.71554891016721,13622500,SHY
2019-06-10,73.60232543945312,73.62845847262179,73.59361885922652,73.62845847262179,7611300,SHY
2019-06-11,73.57614135742188,73.59356779827307,73.5587215628105,73.56742813699627,2211800,SHY
2019-06-12,73.63715362548828,73.65458007415319,73.61102059873373,73.61973382306618,1147900,SHY
2019-06-13,73.7155532836914,73.73297308467949,73.65457401086971,73.67199381185779,2450300,SHY
2019-06-14,73.68940734863281,73.70683379438177,73.66327432625107,73.67198754912555,1992200,SHY
2019-06-17,73.65457153320312,73.69812435732939,73.65457153320312,73.69812435732939,2105300,SHY
2019-06-18,73.6632308959961,73.75034978089407,73.6632308959961,73.74163656315672,5589200,SHY
2019-06-19,73.8200912475586,73.82880447186609,73.62844019025047,73.64586663886547,1893200,SHY
2019-06-20,73.85493469238281,73.91591396773273,73.84622146840638,73.88106771806956,1790100,SHY
2019-06-21,73.8200912475586,73.8200912475586,73.77653841850672,73.7939582208789,8008900,SHY
2019-06-24,73.86363220214844,73.88976522227549,73.83749918202139,73.83749918202139,1715700,SHY
2019-06-25,73.88105010986328,73.91589635122149,73.83749729284624,73.87234353420445,1742700,SHY
2019-06-26,73.79396057128906,73.84622662631317,73.78524734670404,73.84622662631317,1222000,SHY
2019-06-27,73.85493469238281,73.85493469238281,73.81138186498575,73.8375148906725,1276300,SHY
2019-06-28,73.85493469238281,73.87236114033567,73.82880166669607,73.84622146840638,4134200,SHY
2019-07-01,73.80780029296875,73.86016268907532,73.78161909491546,73.86016268907532,4197900,SHY
2019-07-02,73.85142517089844,73.86887707991704,73.81651469436865,73.82523731963167,4841200,SHY
2019-07-03,73.868896484375,73.87762577042366,73.85144457077199,73.86016719832634,2176400,SHY
2019-07-05,73.72051239013672,73.7554228665915,73.69433119741878,73.7554228665915,1759500,SHY
2019-07-08,73.68563842773438,73.74673012718037,73.68563842773438,73.73800083911784,1587200,SHY
2019-07-09,73.65946960449219,73.71183202467797,73.65946960449219,73.71183202467797,1457300,SHY
2019-07-10,73.79033660888672,73.79033660888672,73.720515652887,73.74669684676368,1704800,SHY
2019-07-11,73.75543212890625,73.79034260974514,73.73797355924012,73.78161332491207,1227300,SHY
2019-07-12,73.76416778564453,73.78162635839472,73.73798658501381,73.74671587138891,871600,SHY
2019-07-15,73.78165435791016,73.79910627878863,73.77292506822238,73.78165435791016,1385800,SHY
2019-07-16,73.75543212890625,73.77288404007899,73.72925093290043,73.74670284407318,1350100,SHY
2019-07-17,73.82527923583984,73.82527923583984,73.75546490163394,73.76418753184947,1457500,SHY
2019-07-18,73.91255950927734,73.92128213957587,73.79909873043248,73.81655730802234,1426800,SHY
2019-07-19,73.833984375,73.86889485993264,73.81653246178077,73.8514429467134,864000,SHY
2019-07-22,73.84272766113281,73.8689088651726,73.84272766113281,73.86017957766086,823300,SHY
2019-07-23,73.82527923583984,73.85146710197544,73.81655660562433,73.8340085245517,1026900,SHY
2019-07-24,73.84272766113281,73.8689088651726,73.82526908610933,73.84272766113281,1364700,SHY
2019-07-25,73.7990493774414,73.82523056782117,73.77286818706166,73.82523056782117,1093800,SHY
2019-07-26,73.80780029296875,73.80780029296875,73.764160523884,73.79907100745302,1003000,SHY
2019-07-29,73.80780029296875,73.83398149102203,73.80780029296875,73.80780029296875,930600,SHY
2019-07-30,73.81649780273438,73.83394970775942,73.80776852097634,73.82522042600138,933500,SHY
2019-07-31,73.80780029296875,73.87762126010679,73.68561692972413,73.8514400620535,2313300,SHY
2019-08-01,74.01764678955078,74.07010223377627,73.83403939410942,73.84278419158903,3099000,SHY
2019-08-02,74.03512573242188,74.05260865611474,74.00015321471042,74.00889801171971,2626500,SHY
2019-08-05,74.18376159667969,74.23622371383158,74.1487890753539,74.16627867118,3154500,SHY
2019-08-06,74.21874237060547,74.21874237060547,74.1575421190619,74.19251464427639,3277800,SHY
2019-08-07,74.22747039794922,74.34987087338023,74.20124267754625,74.3148983560677,2352400,SHY
2019-08-08,74.20124816894531,74.2099862961759,74.14878605393116,74.20124816894531,1499000,SHY
2019-08-09,74.15753173828125,74.2362215765804,74.15753173828125,74.20124905626146,1833600,SHY
2019-08-12,74.2362060546875,74.26243377186125,74.20997166718894,74.21871646302179,2403500,SHY
2019-08-13,74.14878845214844,74.23622308989124,74.11381593111659,74.2274782920517,1839500,SHY
2019-08-14,74.2449722290039,74.27119995608616,74.20999970278513,74.21874450192165,3312800,SHY
2019-08-15,74.40234375,74.41108854895884,74.27994324588506,74.27994324588506,4823000,SHY
2019-08-16,74.39359283447266,74.40233763271252,74.32365445953381,74.35862698216657,1886600,SHY
2019-08-19,74.31491088867188,74.34988341188222,74.29742796223007,74.32365568705615,1485500,SHY
2019-08-20,74.36732482910156,74.39355253928825,74.34984191241811,74.35858670592135,2015700,SHY
2019-08-21,74.29742431640625,74.35862456143954,74.28867951845109,74.32365203994532,2082500,SHY
2019-08-22,74.262451171875,74.32365141639484,74.2537063739932,74.27993409731222,956200,SHY
2019-08-23,74.38484191894531,74.40232484209284,74.27117957234708,74.28866916582012,2448900,SHY
2019-08-26,74.34986114501953,74.40231657896193,74.32363342804834,74.37608886199072,1768700,SHY
2019-08-27,74.3761215209961,74.39360444987882,74.32366606402019,74.32366606402019,2179600,SHY
2019-08-28,74.39359283447266,74.41982722919221,74.3761099083196,74.39359283447266,1944400,SHY
2019-08-29,74.35856628417969,74.39353210794361,74.3498214930781,74.38479398716323,3270600,SHY
2019-08-30,74.38484191894531,74.39358004535632,74.34112460558822,74.35861419906126,2543000,SHY
2019-09-03,74.4426498413086,74.50395528567093,74.38134439694626,74.39885737456737,4574300,SHY
2019-09-04,74.50397491455078,74.50397491455078,74.44266945403687,74.44266945403687,1455900,SHY
2019-09-05,74.33755493164062,74.4076202085386,74.30252229319164,74.4076202085386,2145200,SHY
2019-09-06,74.34632110595703,74.38135374739548,74.32880812613438,74.35508093676494,2485500,SHY
2019-09-09,74.26748657226562,74.31127235322572,74.26748657226562,74.29375937720002,2423900,SHY
2019-09-10,74.14488220214844,74.26749309046454,74.13612237247092,74.25873326078703,2262300,SHY
2019-09-11,74.14488220214844,74.18866798695146,74.14488220214844,74.14488220214844,3005000,SHY
2019-09-12,74.12734985351562,74.19741511535727,74.10107705077279,74.18865528717929,3319700,SHY
2019-09-13,74.00476837158203,74.08358681110731,73.98725539006323,74.0660738295885,1951400,SHY
2019-09-16,74.06602478027344,74.06602478027344,74.03099215864198,74.0485118103524,3034100,SHY
2019-09-17,74.10108184814453,74.11859482384318,74.048536239257,74.05728938621056,1397300,SHY
2019-09-18,74.0572738647461,74.18864454122284,74.0485207196271,74.14485877025737,3277800,SHY
2019-09-19,74.06602478027344,74.12733019768116,74.06602478027344,74.12733019768116,2399300,SHY
2019-09-20,74.14488220214844,74.1711550093887,74.0835700761981,74.10108973555313,2383300,SHY
2019-09-23,74.18867492675781,74.25874020714747,74.18867492675781,74.19743475725474,1537100,SHY
2019-09-24,74.26748657226562,74.30251252431702,74.19742130457944,74.19742130457944,3693100,SHY
2019-09-25,74.17115783691406,74.27624906988139,74.17115783691406,74.25873609165102,2860800,SHY
2019-09-26,74.20614624023438,74.25869182539515,74.20614624023438,74.22365920802511,871500,SHY
2019-09-27,74.24998474121094,74.2762575524532,74.21495209895681,74.21495209895681,1691700,SHY
2019-09-30,74.2850112915039,74.2850112915039,74.23246567332853,74.24121882182926,2325600,SHY
2019-10-01,74.36833190917969,74.3946465966973,74.22798467827131,74.22798467827131,4668900,SHY
2019-10-02,74.44731903076172,74.48240752873996,74.41223053278348,74.42099763794303,2613000,SHY
2019-10-03,74.60514068603516,74.62268157158115,74.49110150644576,74.49987529543881,2441100,SHY
2019-10-04,74.59636688232422,74.60514067131555,74.5525046298077,74.57005220779035,1760800,SHY
2019-10-07,74.5174331665039,74.56129542902706,74.49989227695964,74.5525216380341,1611700,SHY
2019-10-08,74.56131744384766,74.596405925738,74.50868806723396,74.57009123743114,2153300,SHY
2019-10-09,74.5174331665039,74.57883631857132,74.49989227695964,74.56129542902706,1472500,SHY
2019-10-10,74.42972564697266,74.52621728394026,74.42972564697266,74.52621728394026,3566900,SHY
2019-10-11,74.35956573486328,74.38588711752124,74.30693635443558,74.37711332330193,3068400,SHY
2019-10-14,74.36833190917969,74.38587949582038,74.35079101498242,74.36833190917969,1336700,SHY
2019-10-15,74.35081481933594,74.40344421122111,74.32450012339335,74.39467041509174,2470000,SHY
2019-10-16,74.3858642578125,74.4034051484165,74.35954288324342,74.3858642578125,1840700,SHY
2019-10-17,74.3858642578125,74.42971983054352,74.36831667476645,74.3858642578125,1641200,SHY
2019-10-18,74.41219329833984,74.44728177876047,74.40341950512385,74.40341950512385,1901600,SHY
2019-10-21,74.37710571289062,74.42096129461163,74.35955812624749,74.40342040041192,985500,SHY
2019-10-22,74.4034194946289,74.41219328784366,74.35079012022705,74.39464570141415,1192300,SHY
2019-10-23,74.3946533203125,74.42974180432167,74.38588621864322,74.42096801020837,1578600,SHY
2019-10-24,74.3946533203125,74.44728939254826,74.3946533203125,74.41220090853909,1228600,SHY
2019-10-25,74.35081481933594,74.4122180073505,74.33326722707717,74.4122180073505,982900,SHY
2019-10-28,74.32447814941406,74.3332452505059,74.29815676880781,74.32447814941406,2045000,SHY
2019-10-29,74.3420181274414,74.35955902185239,74.32447723303042,74.35079192086864,1768700,SHY
2019-10-30,74.3858642578125,74.39463135689347,74.30691351898939,74.34200199263942,1622500,SHY
2019-10-31,74.5174331665039,74.52620695749687,74.42971533389927,74.42971533389927,2719200,SHY
2019-11-01,74.47354888916016,74.51747687922347,74.43840247501367,74.49111874448687,3436200,SHY
2019-11-04,74.4207992553711,74.43837580789416,74.41201768260022,74.43837580789416,2509400,SHY
2019-11-05,74.36809539794922,74.39445352763566,74.34173726826279,74.39445352763566,2078400,SHY
2019-11-06,74.4120101928711,74.42958004013506,74.38565207023015,74.4120101928711,1237100,SHY
2019-11-07,74.32416534423828,74.3593117538409,74.28023735985415,74.3593117538409,2284900,SHY
2019-11-08,74.33293151855469,74.37686619336641,74.32414324289431,74.32414324289431,2300500,SHY
2019-11-11,74.35052490234375,74.35930647650201,74.32416006939377,74.35052490234375,1329600,SHY
2019-11-12,74.35929107666016,74.3680793524901,74.32414467683074,74.34172122849061,2647800,SHY
2019-11-13,74.39443969726562,74.41201624945019,74.3768698485716,74.4032279733579,1679800,SHY
2019-11-14,74.46472930908203,74.49108743273919,74.44715946114067,74.45594103336623,2754500,SHY
2019-11-15,74.43836212158203,74.45593196738403,74.42957384693632,74.42957384693632,2456100,SHY
2019-11-18,74.47354888916016,74.48233046507697,74.45597233034039,74.47354888916016,1029100,SHY
2019-11-19,74.46472930908203,74.47351758479783,74.44715946114067,74.44715946114067,1630600,SHY
2019-11-20,74.49983978271484,74.51740962218356,74.47348167176824,74.48226323975909,1754200,SHY
2019-11-21,74.46472930908203,74.49108743273919,74.45594103336623,74.47351758479783,1288000,SHY
2019-11-22,74.4559326171875,74.48229073786526,74.43836277123216,74.47350916663233,3148100,SHY
2019-11-25,74.46472930908203,74.47351758479783,74.43837118542487,74.45594103336623,3597000,SHY
2019-11-26,74.49983978271484,74.50862805419271,74.48226323975909,74.49983978271484,1792200,SHY
2019-11-27,74.4559326171875,74.48229073786526,74.44715104595457,74.48229073786526,1090100,SHY
2019-11-29,74.4822998046875,74.4822998046875,74.43837183270699,74.44716010849922,1220200,SHY
2019-12-02,74.45940399169922,74.52100587703917,74.42420195520468,74.44179961640098,4211500,SHY
2019-12-03,74.56501007080078,74.60900758082457,74.54740569550971,74.55620788315525,2036600,SHY
2019-12-04,74.52985382080078,74.55625368585386,74.50345395574769,74.54745149280082,2017700,SHY
2019-12-05,74.49464416503906,74.52984621955497,74.48584197288375,74.49464416503906,1965900,SHY
2019-12-06,74.46823120117188,74.49463105888782,74.44182462935173,74.45062681995844,2024400,SHY
2019-12-09,74.46823120117188,74.4858288682811,74.45942901056516,74.4858288682811,1482200,SHY
2019-12-10,74.43302917480469,74.48582889025215,74.43302917480469,74.47702669964283,1214100,SHY
2019-12-11,74.49464416503906,74.50344635719438,74.44183772621251,74.44183772621251,1223100,SHY
2019-12-12,74.42423248291016,74.51223425319253,74.38022824071662,74.51223425319253,1627400,SHY
2019-12-13,74.51222229003906,74.52982666973192,74.45062038932129,74.48582243460339,1630500,SHY
2019-12-16,74.46823120117188,74.4858288682811,74.44182462935173,74.4858288682811,1568800,SHY
2019-12-17,74.48584747314453,74.50345185875513,74.47704528033923,74.49464966594984,1764000,SHY
2019-12-18,74.49464416503906,74.49464416503906,74.45944211052316,74.47703978072842,1677400,SHY
2019-12-19,74.50959777832031,74.5272306934562,74.49197158817113,74.49197158817113,1464500,SHY
2019-12-20,74.50959777832031,74.51841423588826,74.48315513060318,74.50078132075237,1413600,SHY
2019-12-23,74.49202728271484,74.50083702188276,74.47439435439556,74.49202728271484,2008600,SHY
2019-12-24,74.50080108642578,74.51843400623983,74.45673223686762,74.45673223686762,895500,SHY
2019-12-26,74.52725219726562,74.53606193238879,74.50961927704199,74.53606193238879,1156900,SHY
2019-12-27,74.58010864257812,74.58892509927763,74.54484954076615,74.55366599746566,1388200,SHY
2019-12-30,74.60658264160156,74.62421556241092,74.5713235249717,74.5713235249717,1630700,SHY
2019-12-31,74.59776306152344,74.63302217667876,74.58013686644007,74.60657952155941,3025600,SHY
2020-01-02,74.63302612304688,74.6682852400666,74.60658346652932,74.63302612304688,2665200,SHY
2020-01-03,74.69469451904297,74.71232743216798,74.65062568620232,74.6770683309039,2039900,SHY
2020-01-06,74.66827392578125,74.69471657829202,74.64183127327048,74.6859068441137,1132100,SHY
2020-01-07,74.66827392578125,74.6859068441137,74.65945746661501,74.67709038494748,1103400,SHY
2020-01-08,74.63302612304688,74.69472789658414,74.62421638753365,74.67710170056876,1864300,SHY
2020-01-09,74.6418228149414,74.65944900628857,74.60656370725994,74.61538016542708,1424400,SHY
2020-01-10,74.6594467163086,74.67707963210206,74.65063698339881,74.65063698339881,1065900,SHY
2020-01-13,74.65066528320312,74.65947501945264,74.63303236072507,74.65947501945264,1275600,SHY
2020-01-14,74.6594467163086,74.6858960899988,74.65063698339881,74.65063698339881,2323400,SHY
2020-01-15,74.69469451904297,74.69469451904297,74.6682518743414,74.68588478746639,2467900,SHY
2020-01-16,74.69469451904297,74.69469451904297,74.6682518743414,74.68588478746639,1995100,SHY
2020-01-17,74.7211685180664,74.7211685180664,74.67709966673368,74.68591612699574,1592600,SHY
2020-01-21,74.73880004882812,74.74761650892623,74.72998358873002,74.72998358873002,2814600,SHY
2020-01-22,74.75643157958984,74.7652480403172,74.73880538312423,74.73880538312423,1878400,SHY
2020-01-23,74.78289031982422,74.81814944532748,74.76526411956787,74.78289031982422,6874100,SHY
2020-01-24,74.809326171875,74.83576882997033,74.78287678879032,74.79169324981855,3717500,SHY
2020-01-27,74.88863372802734,74.90626664527625,74.87100753576595,74.8974501866518,1915500,SHY
2020-01-28,74.85338592529297,74.89746150008541,74.8445761903253,74.88864504012922,1233400,SHY
2020-01-29,74.92389678955078,74.92389678955078,74.86219502590008,74.8798212190912,1269100,SHY
2020-01-30,74.93272399902344,74.98560931117196,74.92390753866907,74.95035019474334,1348300,SHY
2020-01-31,75.0296630859375,75.04728927653561,74.96796133136384,74.96796133136384,4298900,SHY
2020-02-03,75.00758361816406,75.02524454278156,74.96344477795867,75.00758361816406,4133700,SHY
2020-02-04,74.92813873291016,74.94579292399516,74.90164734277765,74.93696246061765,1575300,SHY
2020-02-05,74.87517547607422,74.90166013505997,74.87517547607422,74.88400594095985,2229300,SHY
2020-02-06,74.89286041259766,74.89286041259766,74.8663757451223,74.87519947716521,1505800,SHY
2020-02-07,74.93696594238281,74.95462686995837,74.91931175047755,74.92814221426534,1408200,SHY
2020-02-10,74.97228240966797,74.99876706583714,74.95462821744535,74.9811128736145,982700,SHY
2020-02-11,74.93696594238281,74.95462686995837,74.91931175047755,74.9457964061706,1911200,SHY
2020-02-12,74.90167999267578,74.91934092712924,74.90167999267578,74.91051045990251,1400400,SHY
2020-02-13,74.91930389404297,74.94578854695868,74.91047343118119,74.92813435690475,1700700,SHY
2020-02-14,74.95466613769531,74.96349660610926,74.94583566928137,74.95466613769531,1560000,SHY
2020-02-18,74.98112487792969,74.99877907297872,74.96347068288067,74.98112487792969,1669400,SHY
2020-02-19,74.98995971679688,74.98995971679688,74.9458141230924,74.96347505484296,1422800,SHY
2020-02-20,75.00758361816406,75.02524454278156,74.98109896690698,74.98109896690698,2051800,SHY
2020-02-21,75.06938171386719,75.11352728876021,75.03406660108658,75.04289706319899,1798800,SHY
2020-02-24,75.19300842285156,75.2194930830939,75.18418469321843,75.19300842285156,2725200,SHY
2020-02-25,75.2724838256836,75.30779895812088,75.21068402783654,75.21068402783654,3027000,SHY
2020-02-26,75.32543182373047,75.35191648163956,75.2371473854765,75.25480157885895,3688200,SHY
2020-02-27,75.41368865966797,75.48431887868799,75.36071936323718,75.43134958225718,6008700,SHY
2020-02-28,75.68743133544922,75.7227397336707,75.59031640115745,75.6168010676601,9540700,SHY
2020-03-02,75.65645599365234,75.85981276488407,75.65645599365234,75.78907938832468,15009300,SHY
2020-03-03,75.95707702636719,76.05432699692676,75.69183021063968,75.70951018378503,7232300,SHY
2020-03-04,75.96591186523438,76.0808552972671,75.96591186523438,76.01012191532489,5711900,SHY
2020-03-05,76.12505340576172,76.1604200943188,76.09853007572045,76.13389676427751,3797200,SHY
2020-03-06,76.21345520019531,76.36376529015189,76.18693187417506,76.31071189260629,4378300,SHY
2020-03-09,76.62901306152344,76.62901306152344,76.36377302893614,76.51407638861951,44359800,SHY
2020-03-10,76.29305267333984,76.36378605896807,76.16927262124389,76.3018960329201,11970200,SHY
2020-03-11,76.20463562011719,76.31957230706145,76.1957922609656,76.30189233426486,7873200,SHY
2020-03-12,76.18692779541016,76.51406453832479,76.18692779541016,76.30187119601773,12312300,SHY
2020-03-13,76.28419494628906,76.31956163244217,75.99242484465516,76.08084493279077,9422400,SHY
2020-03-16,76.4079818725586,76.68207202861137,76.39030190063886,76.54944862994148,12123900,SHY
2020-03-17,76.2311782836914,76.50526177733667,76.15160152216026,76.4698950772682,10487800,SHY
2020-03-18,76.13387298583984,76.72624965676853,76.13387298583984,76.23112966261967,11907500,SHY
2020-03-19,76.26652526855469,76.50524200042224,76.23115857762865,76.23115857762865,12898400,SHY
2020-03-20,76.46984100341797,76.59362099337535,76.37258433337952,76.37258433337952,10683700,SHY
2020-03-23,76.55828094482422,76.68206772333744,76.53175761568063,76.66438100690446,9472000,SHY
2020-03-24,76.45222473144531,76.54063812000066,76.45222473144531,76.478748073461,8366100,SHY
2020-03-25,76.5406265258789,76.59367320187495,76.46989312754543,76.46989312754543,6098000,SHY
2020-03-26,76.62901306152344,76.6643797483029,76.54944307539898,76.55827968796451,8381000,SHY
2020-03-27,76.61132049560547,76.65552378768322,76.49637709609304,76.65552378768322,37087900,SHY
2020-03-30,76.64671325683594,76.7086032832076,76.62018992346336,76.68207994983503,5650800,SHY
2020-03-31,76.62901306152344,76.72626976379053,76.62901306152344,76.67322310637421,5677600,SHY
2020-04-01,76.67855834960938,76.72281575886058,76.64314836995058,76.67855834960938,6923900,SHY
2020-04-02,76.6963119506836,76.72286776498763,76.67861032573678,76.6963119506836,5879700,SHY
2020-04-03,76.67855834960938,76.74937155516392,76.64314836995058,76.66970416625391,5018100,SHY
2020-04-06,76.62547302246094,76.66973720454938,76.61662558905601,76.6431813968027,4869100,SHY
2020-04-07,76.6077880859375,76.63434389946765,76.56352389420897,76.58123227240735,7881000,SHY
2020-04-08,76.65203857421875,76.67860113910803,76.60778114027025,76.60778114027025,4890600,SHY
2020-04-09,76.67855834960938,76.7051141459127,76.64314836995058,76.65199579954299,5400400,SHY
2020-04-13,76.68744659423828,76.68744659423828,76.65203659573336,76.68744659423828,3356200,SHY
2020-04-14,76.68744659423828,76.70515497037405,76.65203659573336,76.67859915993704,4712200,SHY
2020-04-15,76.71398162841797,76.74938486045123,76.70512744352754,76.73168324443459,4270000,SHY
2020-04-16,76.73167419433594,76.74937580826476,76.71397258040713,76.73167419433594,2383600,SHY
2020-04-17,76.70515441894531,76.74056441719567,76.70515441894531,76.71400860694955,3282700,SHY
2020-04-20,76.70515441894531,76.74056441719567,76.70515441894531,76.7228560411872,5969400,SHY
2020-04-21,76.72283172607422,76.74054009647053,76.70513010944236,76.73168591127238,3610300,SHY
2020-04-22,76.6963119506836,76.71402032939802,76.6963119506836,76.71402032939802,4836900,SHY
2020-04-23,76.68744659423828,76.71400915844194,76.67859915993704,76.69630078230617,3010000,SHY
2020-04-24,76.68744659423828,76.71400915844194,76.68744659423828,76.69630078230617,3117600,SHY
2020-04-27,76.68744659423828,76.69630078230617,76.66089078380125,76.68744659423828,4928800,SHY
2020-04-28,76.71398162841797,76.73168324443459,76.70512744352754,76.72282905954418,3706900,SHY
2020-04-29,76.70515441894531,76.74056441719567,76.70515441894531,76.73171022919144,4285700,SHY
2020-04-30,76.83794403076172,76.83794403076172,76.7140124076288,76.7140124076288,9557300,SHY
2020-05-01,76.72454071044922,76.74226378947758,76.69796285128083,76.74226378947758,5135000,SHY
2020-05-04,76.72454071044922,76.75998010913177,76.70682439079502,76.71567917093505,5813400,SHY
2020-05-05,76.71568298339844,76.7422676032621,76.71568298339844,76.73340606330756,4334000,SHY
2020-05-06,76.74223327636719,76.74223327636719,76.71564866839483,76.72451020438562,2007300,SHY
2020-05-07,76.7953872680664,76.81310358028306,76.73337003625115,76.74223157204513,2455600,SHY
2020-05-08,76.77767944335938,76.83969668203042,76.76881790658578,76.8042572943081,2690000,SHY
2020-05-11,76.7511215209961,76.78656092104143,76.7245436608057,76.78656092104143,4067600,SHY
2020-05-12,76.76881408691406,76.76881408691406,76.72451316462235,76.74223623728773,2670000,SHY
2020-05-13,76.76881408691406,76.79539193654038,76.75995255058137,76.77767562324675,3829400,SHY
2020-05-14,76.7511215209961,76.80428400075131,76.7511215209961,76.77770614056091,2284600,SHY
2020-05-15,76.7953872680664,76.81310358028306,76.78652573227242,76.80424880386039,1942800,SHY
2020-05-18,76.7333984375,76.78655415319574,76.7333984375,76.78655415319574,2761400,SHY
2020-05-19,76.77767944335938,76.77767944335938,76.74224005563705,76.74224005563705,2976500,SHY
2020-05-20,76.77767944335938,76.78653422076091,76.7510948330386,76.7510948330386,3497900,SHY
2020-05-21,76.75999450683594,76.77771758918857,76.75999450683594,76.76885604801225,3246300,SHY
2020-05-22,76.75999450683594,76.78657237098946,76.75999450683594,76.77771758918857,2592500,SHY
2020-05-26,76.75999450683594,76.76885604801225,76.74227818385873,76.75113296565962,4356200,SHY
2020-05-27,76.74223327636719,76.78652743757817,76.74223327636719,76.7510880529865,3507600,SHY
2020-05-28,76.77767944335938,76.77767944335938,76.74224005563705,76.7510948330386,3433400,SHY
2020-05-29,76.77767944335938,76.79539575753451,76.75995636981219,76.75995636981219,6903400,SHY
2020-06-01,76.76881408691406,76.78654472379858,76.75107668519288,76.777676022938,6995500,SHY
2020-06-02,76.76881408691406,76.777676022938,76.75107668519288,76.76881408691406,3869300,SHY
2020-06-03,76.70675659179688,76.75108657213701,76.70675659179688,76.75108657213701,4476300,SHY
2020-06-04,76.72449493408203,76.73336363697548,76.69789559023987,76.71562623118857,4350000,SHY
2020-06-05,76.69789123535156,76.69789123535156,76.67129189301971,76.68902253296167,4391300,SHY
2020-06-08,76.68013763427734,76.70673696864428,76.66240023480886,76.68013763427734,4200200,SHY
2020-06-09,76.70675659179688,76.7156185289624,76.6890191877908,76.6890191877908,7839900,SHY
2020-06-10,76.7510986328125,76.76883603960583,76.72449928746109,76.73336799085776,3146500,SHY
2020-06-11,76.71562194824219,76.76882739779431,76.71562194824219,76.75995869539598,3244500,SHY
2020-06-12,76.7422103881836,76.75107232370392,76.72447298747036,76.73334168782698,3356000,SHY
2020-06-15,76.72449493408203,76.75996298081763,76.72449493408203,76.74223233986893,3246000,SHY
2020-06-16,76.71562194824219,76.75108999299766,76.71562194824219,76.72449065064052,5306400,SHY
2020-06-17,76.7422103881836,76.7422103881836,76.72447298747036,76.72447298747036,3369600,SHY
2020-06-18,76.73336791992188,76.75109856186023,76.73336791992188,76.75109856186023,2027100,SHY
2020-06-19,76.7510986328125,76.76883603960583,76.73336799085776,76.74223669425443,3477600,SHY
2020-06-22,76.73336791992188,76.7599672652487,76.73336791992188,76.75109856186023,2597900,SHY
2020-06-23,76.7510986328125,76.7510986328125,76.73336799085776,76.74223669425443,2792100,SHY
2020-06-24,76.75997924804688,76.75997924804688,76.7333798985677,76.74224860334064,2110900,SHY
2020-06-25,76.75997924804688,76.76884795281981,76.75111054327394,76.75111054327394,1716500,SHY
2020-06-26,76.78652954101562,76.79539824012264,76.75993020852994,76.75993020852994,4109900,SHY
2020-06-29,76.80428314208984,76.80428314208984,76.77767703915593,76.7865457401339,2766100,SHY
2020-06-30,76.79541015625,76.81314079237991,76.78654145576687,76.81314079237991,4443400,SHY
2020-07-01,76.7696762084961,76.8051692442361,76.7696762084961,76.8051692442361,4789400,SHY
2020-07-02,76.80518341064453,76.80518341064453,76.76969036835797,76.78744027430406,2662800,SHY
2020-07-06,76.77854919433594,76.79629909655374,76.77854919433594,76.78742414544485,3406700,SHY
2020-07-07,76.7962875366211,76.7962875366211,76.77853763707513,76.78741258684812,2939000,SHY
2020-07-08,76.7962875366211,76.80515571679089,76.78741258684812,76.7962875366211,3454900,SHY
2020-07-09,76.81404876708984,76.81404876708984,76.78743068110178,76.79630563296607,2508600,SHY
2020-07-10,76.78740692138672,76.82289994825673,76.78740692138672,76.82289994825673,2447400,SHY
2020-07-13,76.78740692138672,76.7962818705049,76.77853197226854,76.78740692138672,2332100,SHY
2020-07-14,76.7962875366211,76.81403066656387,76.78741258684812,76.80515571679089,2112500,SHY
2020-07-15,76.80518341064453,76.80518341064453,76.77856532133102,76.78744027430406,4553200,SHY
2020-07-16,76.80518341064453,76.82293331659062,76.80518341064453,76.81405836361758,1750100,SHY
2020-07-17,76.82295227050781,76.82295227050781,76.79633417462703,76.81407731534513,2016200,SHY
2020-07-20,76.80518341064453,76.82293331659062,76.7963152272771,76.82293331659062,3534600,SHY
2020-07-21,76.82295227050781,76.82295227050781,76.79633417462703,76.79633417462703,4017900,SHY
2020-07-22,76.81404876708984,76.82292371895413,76.80517381522557,76.82292371895413,3776600,SHY
2020-07-23,76.81404876708984,76.82292371895413,76.80517381522557,76.81404876708984,2263100,SHY
2020-07-24,76.82295227050781,76.82295227050781,76.80520236018243,76.81407731534513,3056000,SHY
2020-07-27,76.7962875366211,76.82290561633685,76.78741258684812,76.82290561633685,2250900,SHY
2020-07-28,76.81404876708984,76.82292371895413,76.80517381522557,76.80517381522557,3804400,SHY
2020-07-29,76.83180236816406,76.8406773212374,76.81405923162309,76.82293418469642,2551300,SHY
2020-07-30,76.8584213256836,76.8584213256836,76.8406714208999,76.8406714208999,2016900,SHY
2020-07-31,76.86729431152344,76.86729431152344,76.84955117523623,76.86729431152344,3229400,SHY
2020-08-03,76.8673095703125,76.8673095703125,76.8317960257074,76.84954941125193,2979500,SHY
2020-08-04,76.87615966796875,76.87615966796875,76.85840628778384,76.86728636463329,2871000,SHY
2020-08-05,76.8584213256836,76.8673014042705,76.8495412470967,76.8584213256836,3037500,SHY
2020-08-06,76.8584213256836,76.87617470934208,76.8495412470967,76.8584213256836,1793300,SHY
2020-08-07,76.8495101928711,76.85839026786964,76.84063689138515,76.8495101928711,3944500,SHY
2020-08-10,76.83177185058594,76.84952523054436,76.82289177384976,76.84952523054436,2089800,SHY
2020-08-11,76.81399536132812,76.82287543617579,76.78736191029759,76.81399536132812,3345700,SHY
2020-08-12,76.7962417602539,76.80512183507557,76.78736168543224,76.7962417602539,4246900,SHY
2020-08-13,76.7873764038086,76.79625648033236,76.77850310079857,76.7873764038086,2073800,SHY
2020-08-14,76.7962417602539,76.81399513638479,76.78736168543224,76.7962417602539,2548600,SHY
2020-08-17,76.80516052246094,76.8140338282397,76.7962804431663,76.8140338282397,2655100,SHY
2020-08-18,76.81399536132812,76.82287543617579,76.80512205999293,76.80512205999293,2106500,SHY
2020-08-19,76.81399536132812,76.82287543617579,76.80512205999293,76.82287543617579,2064900,SHY
2020-08-20,76.81399536132812,76.83175551102346,76.81399536132812,76.82287543617579,2121000,SHY
2020-08-21,76.80516052246094,76.83179398682897,76.80516052246094,76.82291390753434,3337600,SHY
2020-08-24,76.7962417602539,76.82287521120645,76.7962417602539,76.81399513638479,2834100,SHY
2020-08-25,76.80516052246094,76.80516052246094,76.77852705809289,76.78740036387167,1986600,SHY
2020-08-26,76.80516052246094,76.80516052246094,76.78740036387167,76.80516052246094,2983300,SHY
2020-08-27,76.7962417602539,76.83175528602813,76.78736168543224,76.82287521120645,2609000,SHY
2020-08-28,76.82291412353516,76.84067428217436,76.81403404421556,76.81403404421556,3445500,SHY
2020-08-31,76.8495101928711,76.8495101928711,76.82287674138806,76.82287674138806,2357200,SHY
2020-09-01,76.83087921142578,76.83976431883195,76.8220008813708,76.83087921142578,3093600,SHY
2020-09-02,76.83972930908203,76.83972930908203,76.82196587971426,76.82196587971426,3682600,SHY
2020-09-03,76.83087921142578,76.85752775629312,76.83087921142578,76.83976431883195,2547200,SHY
2020-09-04,76.80423736572266,76.83977102109554,76.79535225754148,76.83088591291438,2904300,SHY
2020-09-08,76.81314086914062,76.83090431240518,76.81314086914062,76.8220259794496,2014700,SHY
2020-09-09,76.82198333740234,76.82198333740234,76.80421312664821,76.81309823202528,3009100,SHY
2020-09-10,76.81314086914062,76.83090431240518,76.80425575883164,76.80425575883164,2910000,SHY
2020-09-11,76.83087921142578,76.84864942623813,76.8220008813708,76.8220008813708,2109800,SHY
2020-09-14,76.82198333740234,76.83974677080684,76.82198333740234,76.83974677080684,1993000,SHY
2020-09-15,76.83087921142578,76.83087921142578,76.8220008813708,76.8220008813708,2013100,SHY
2020-09-16,76.83972930908203,76.83972930908203,76.81308077635632,76.83084420572409,2551200,SHY
2020-09-17,76.82198333740234,76.84863187618392,76.82198333740234,76.83974677080684,2494700,SHY
2020-09-18,76.83087921142578,76.84864942623813,76.8220008813708,76.83976431883195,2334200,SHY
2020-09-21,76.82198333740234,76.83974677080684,76.82198333740234,76.83974677080684,3969100,SHY
2020-09-22,76.83972930908203,76.83972930908203,76.82196587971426,76.83084420572409,2108400,SHY
2020-09-23,76.83972930908203,76.83972930908203,76.82196587971426,76.83084420572409,3298200,SHY
2020-09-24,76.83087921142578,76.83976431883195,76.8220008813708,76.83087921142578,2955200,SHY
2020-09-25,76.83972930908203,76.84861441243997,76.83972930908203,76.83972930908203,1786000,SHY
2020-09-28,76.8486328125,76.8486328125,76.83086260152936,76.8486328125,2777700,SHY
2020-09-29,76.83972930908203,76.8574927384498,76.83972930908203,76.84861441243997,2568900,SHY
2020-09-30,76.8486328125,76.8486328125,76.83086260152936,76.8486328125,3111800,SHY
2020-10-01,76.83087158203125,76.84865001745975,76.83087158203125,76.83087158203125,3890800,SHY
2020-10-02,76.83972930908203,76.84861852315328,76.82195766142318,76.83972930908203,3081300,SHY
2020-10-05,76.81311798095703,76.83088964007608,76.8042287611535,76.83088964007608,3139800,SHY
2020-10-06,76.81311798095703,76.82200720076057,76.8042287611535,76.81311798095703,2618100,SHY
2020-10-07,76.80420684814453,76.80420684814453,76.78643519409592,76.78643519409592,3613200,SHY
2020-10-08,76.80420684814453,76.81309606541188,76.79532441136327,76.80420684814453,1996700,SHY
2020-10-09,76.80420684814453,76.81309606541188,76.79532441136327,76.81309606541188,1977700,SHY
2020-10-12,76.82197570800781,76.82197570800781,76.7953148400147,76.8041972756889,2400900,SHY
2020-10-13,76.81311798095703,76.83088964007608,76.8042287611535,76.81311798095703,5330600,SHY
2020-10-14,76.81311798095703,76.83088964007608,76.81311798095703,76.81311798095703,8129500,SHY
2020-10-15,76.83087158203125,76.8397607997455,76.81309992708918,76.82198914480344,6851500,SHY
2020-10-16,76.82197570800781,76.83085814368202,76.81308649184837,76.82197570800781,1562100,SHY
2020-10-19,76.82197570800781,76.82197570800781,76.7953148400147,76.8041972756889,2499200,SHY
2020-10-20,76.81311798095703,76.82200720076057,76.8042287611535,76.81311798095703,1991800,SHY
2020-10-21,76.81311798095703,76.81311798095703,76.79534632183798,76.8042287611535,1788700,SHY
2020-10-22,76.78643798828125,76.8130988605674,76.78643798828125,76.80420964297656,3063300,SHY
2020-10-23,76.79529571533203,76.81306736273993,76.79529571533203,76.80417814879421,2014300,SHY
2020-10-26,76.80420684814453,76.81309606541188,76.79532441136327,76.80420684814453,2319200,SHY
2020-10-27,76.80420684814453,76.82198528267925,76.80420684814453,76.81309606541188,1982000,SHY
2020-10-28,76.80420684814453,76.82198528267925,76.80420684814453,76.81309606541188,4930200,SHY
2020-10-29,76.82197570800781,76.82197570800781,76.8041972756889,76.81308649184837,3688800,SHY
2020-10-30,76.81311798095703,76.82200720076057,76.79534632183798,76.82200720076057,3562300,SHY
2020-11-02,76.81221771240234,76.81221771240234,76.7944380329072,76.80332448088073,3642500,SHY
2020-11-03,76.79443359375,76.80332004120984,76.77664713173493,76.79443359375,1739600,SHY
2020-11-04,76.81221771240234,76.83000417544557,76.80332448088073,76.81221771240234,4432600,SHY
2020-11-05,76.79443359375,76.82110650322491,76.79443359375,76.81221327221738,4646000,SHY
2020-11-06,76.80331420898438,76.81220743931658,76.79442776219933,76.81220743931658,2479200,SHY
2020-11-09,76.77664947509766,76.77664947509766,76.74997656480863,76.7677562438187,5418600,SHY
2020-11-10,76.76775360107422,76.76775360107422,76.74997392267623,76.74997392267623,3162200,SHY
2020-11-11,76.74994659423828,76.75883982204448,76.74105336643208,76.74994659423828,2643200,SHY
2020-11-12,76.75888061523438,76.78555352928294,76.75888061523438,76.77666029675046,3915800,SHY
2020-11-13,76.75888061523438,76.78555352928294,76.75888061523438,76.77666029675046,3156800,SHY
2020-11-16,76.77664947509766,76.78554270637663,76.75886979608761,76.7677562438187,3752900,SHY
2020-11-17,76.76775360107422,76.78554006301985,76.76775360107422,76.76775360107422,3457900,SHY
2020-11-18,76.76775360107422,76.78554006301985,76.76775360107422,76.77664683204704,2325200,SHY
2020-11-19,76.78556823730469,76.79446147154063,76.77667500306875,76.77667500306875,1900700,SHY
2020-11-20,76.79443359375,76.80332004120984,76.79443359375,76.80332004120984,1784700,SHY
2020-11-23,76.79443359375,76.80332004120984,76.79443359375,76.79443359375,1640500,SHY
2020-11-24,76.80331420898438,76.80331420898438,76.79442776219933,76.79442776219933,2649500,SHY
2020-11-25,76.81221771240234,76.81221771240234,76.80332448088073,76.80332448088073,2449800,SHY
2020-11-27,76.81221771240234,76.82111094392396,76.81221771240234,76.81221771240234,1378900,SHY
2020-11-30,76.82998657226562,76.82998657226562,76.81220011329762,76.82998657226562,3375300,SHY
2020-12-01,76.7881851196289,76.80597158895574,76.77928849189617,76.79707496122302,6173900,SHY
2020-12-02,76.80594635009766,76.80594635009766,76.77926326180629,76.78815988661555,2297100,SHY
2020-12-03,76.82376098632812,76.82376098632812,76.80596773175624,76.81486435904218,2751900,SHY
2020-12-04,76.81487274169922,76.81487274169922,76.79707948518559,76.8059761134424,2825200,SHY
2020-12-07,76.83264923095703,76.83264923095703,76.81486276289301,76.81486276289301,3213900,SHY
2020-12-08,76.81487274169922,76.83265921207382,76.81487274169922,76.82376936995604,2559800,SHY
2020-12-09,76.80594635009766,76.81484297490691,76.80594635009766,76.81484297490691,2829000,SHY
2020-12-10,76.82376098632812,76.84154745476172,76.81486435904218,76.83265082747579,2977700,SHY
2020-12-11,76.86824798583984,76.86824798583984,76.85046151337188,76.85935814267577,1802200,SHY
2020-12-14,76.85935974121094,76.86824958455989,76.85046311172201,76.85046311172201,2805200,SHY
2020-12-15,76.85935974121094,76.86824958455989,76.85046311172201,76.85935974121094,1969300,SHY
2020-12-16,76.85935974121094,76.85935974121094,76.85046311172201,76.85046311172201,1444700,SHY
2020-12-17,76.86111450195312,76.87001442511264,76.8433214442864,76.87001442511264,2541200,SHY
2020-12-18,76.85222625732422,76.86111939239727,76.85222625732422,76.85222625732422,2924100,SHY
2020-12-21,76.85222625732422,76.86111939239727,76.84332633359843,76.85222625732422,2249100,SHY
2020-12-22,76.85222625732422,76.87001931612306,76.85222625732422,76.85222625732422,1928400,SHY
2020-12-23,76.87001037597656,76.87001037597656,76.85221731924709,76.85221731924709,2821600,SHY
2020-12-24,76.85222625732422,76.87001931612306,76.85222625732422,76.85222625732422,1039500,SHY
2020-12-28,76.86111450195312,76.86111450195312,76.8433214442864,76.8433214442864,1836400,SHY
2020-12-29,76.86111450195312,76.86111450195312,76.8522213674459,76.86111450195312,2010600,SHY
2020-12-30,76.87001037597656,76.87001037597656,76.85221731924709,76.85221731924709,1327500,SHY
2020-12-31,76.86111450195312,76.87001442511264,76.8433214442864,76.86111450195312,1949900,SHY
2021-01-04,76.87001037597656,76.87891029866726,76.85221731924709,76.85221731924709,2989300,SHY
2021-01-05,76.87001037597656,76.87891029866726,76.85221731924709,76.87001037597656,2529400,SHY
2021-01-06,76.82552337646484,76.85222314656147,76.80773031838622,76.84332322319594,2082000,SHY
2021-01-07,76.84334564208984,76.84334564208984,76.81665265285805,76.83444571612777,4207700,SHY
2021-01-08,76.83441162109375,76.83441162109375,76.81661856571964,76.81661856571964,2760300,SHY
2021-01-11,76.82552337646484,76.83442329983039,76.81663024175175,76.82552337646484,2545700,SHY
2021-01-12,76.82552337646484,76.82552337646484,76.80773031838622,76.80773031838622,4048300,SHY
2021-01-13,76.81663513183594,76.82552826711516,76.81663513183594,76.81663513183594,2021800,SHY
2021-01-14,76.82552337646484,76.83442329983039,76.81663024175175,76.82552337646484,3344000,SHY
2021-01-15,76.83441162109375,76.84331154310651,76.82551169908098,76.82551169908098,3148300,SHY
2021-01-19,76.86111450195312,76.86111450195312,76.82552159796738,76.82552159796738,3019500,SHY
2021-01-20,76.85222625732422,76.86111939239727,76.84332633359843,76.85222625732422,2392300,SHY
2021-01-21,76.86111450195312,76.87001442511264,76.8433214442864,76.86111450195312,1574700,SHY
2021-01-22,76.86111450195312,76.87001442511264,76.86111450195312,76.86111450195312,4095800,SHY
2021-01-25,76.87001037597656,76.87001037597656,76.86111045328586,76.86111045328586,2037500,SHY
2021-01-26,76.86111450195312,76.87891434827215,76.86111450195312,76.87891434827215,2015500,SHY
2021-01-27,76.86111450195312,76.88781427143167,76.86111450195312,76.87891434827215,3786800,SHY
2021-01-28,76.85222625732422,76.87001931612306,76.85222625732422,76.87001931612306,2429600,SHY
2021-01-29,76.87889099121094,76.87889099121094,76.8610911502998,76.86999107075536,3237800,SHY
2021-02-01,76.88780975341797,76.88780975341797,76.87001051590137,76.88780975341797,3266300,SHY
2021-02-02,76.8611068725586,76.87891290093957,76.8611068725586,76.87891290093957,2245400,SHY
2021-02-03,76.87001037597656,76.87001037597656,76.86110736172941,76.86110736172941,2219000,SHY
2021-02-04,76.87001037597656,76.87001037597656,76.86110736172941,76.86110736172941,1848200,SHY
2021-02-05,76.88780975341797,76.88780975341797,76.87001051590137,76.87891353016472,1495900,SHY
2021-02-08,76.8788833618164,76.8788833618164,76.86998035104672,76.86998035104672,2193100,SHY
2021-02-09,76.8611068725586,76.87891290093957,76.8611068725586,76.87891290093957,1930700,SHY
2021-02-10,76.87001037597656,76.87891339022372,76.86110736172941,76.87891339022372,3016100,SHY
2021-02-11,76.87001037597656,76.87891339022372,76.87001037597656,76.87891339022372,2348600,SHY
2021-02-12,76.8788833618164,76.88777958157866,76.86998035104672,76.86998035104672,3364600,SHY
2021-02-16,76.85221099853516,76.87001702857046,76.8433147745282,76.86111401355281,3364200,SHY
2021-02-17,76.87001037597656,76.87001037597656,76.85220434748226,76.85220434748226,2307600,SHY
2021-02-18,76.87001037597656,76.87891339022372,76.85220434748226,76.87001037597656,2362300,SHY
2021-02-19,76.8788833618164,76.8788833618164,76.86107734027702,76.86107734027702,2113900,SHY
2021-02-22,76.8611068725586,76.87000988674909,76.8611068725586,76.87000988674909,3801600,SHY
2021-02-23,76.87001037597656,76.87001037597656,76.85220434748226,76.85220434748226,9025900,SHY
2021-02-24,76.85221099853516,76.85221099853516,76.83441175951054,76.8433147745282,2530000,SHY
2021-02-25,76.73646545410156,76.79877294999207,76.7008602005916,76.79877294999207,4956100,SHY
2021-02-26,76.83439636230469,76.83439636230469,76.75428961623088,76.78988808714635,5187500,SHY
2021-03-01,76.82727813720703,76.83618342048425,76.80946757065259,76.82727813720703,3366700,SHY
2021-03-02,76.84510040283203,76.84510040283203,76.8272966247342,76.8272966247342,5519200,SHY
2021-03-03,76.8005599975586,76.82726905149073,76.79165471533452,76.82726905149073,2406100,SHY
2021-03-04,76.8005599975586,76.81836376926667,76.79165471533452,76.80945848704259,2566100,SHY
2021-03-05,76.8005599975586,76.8005599975586,76.77385094362646,76.78274943311045,4413600,SHY
2021-03-08,76.77384948730469,76.79165325867504,76.76494420524955,76.79165325867504,2729700,SHY
2021-03-09,76.77384948730469,76.77384948730469,76.7560389231944,76.77384948730469,3255500,SHY
2021-03-10,76.8005599975586,76.8005599975586,76.76494566140238,76.77385094362646,2860000,SHY
2021-03-11,76.8005599975586,76.80945848704259,76.79165471533452,76.80945848704259,3578500,SHY
2021-03-12,76.79168701171875,76.79168701171875,76.77388323252292,76.78278172574937,1824700,SHY
2021-03-15,76.8005599975586,76.8005599975586,76.78274943311045,76.78274943311045,2273700,SHY
2021-03-16,76.8005599975586,76.8005599975586,76.78274943311045,76.79165471533452,1853600,SHY
2021-03-17,76.81840515136719,76.84511421968752,76.78279079602551,76.79169608304686,3413300,SHY
2021-03-18,76.80947875976562,76.80947875976562,76.7738712069514,76.7916749833585,4692000,SHY
2021-03-19,76.80947875976562,76.82728932891459,76.78276969878402,76.80058026793299,3276300,SHY
2021-03-22,76.8005599975586,76.80945848704259,76.8005599975586,76.80945848704259,2118500,SHY
2021-03-23,76.80947875976562,76.8183840443401,76.80947875976562,76.8183840443401,3241300,SHY
2021-03-24,76.82727813720703,76.83618342048425,76.81837285392982,76.82727813720703,2322600,SHY
2021-03-25,76.83619689941406,76.84509539151142,76.81838632973522,76.83619689941406,2771400,SHY
2021-03-26,76.83619689941406,76.84509539151142,76.82729161457463,76.82729161457463,3068700,SHY
2021-03-29,76.81840515136719,76.83621572540989,76.80949986434584,76.82731043838854,2182000,SHY
2021-03-30,76.81840515136719,76.81840515136719,76.80060137006821,76.80949986434584,2213800,SHY
2021-03-31,76.79168701171875,76.80949079091458,76.79168701171875,76.80949079091458,4481000,SHY
2021-04-01,76.79078674316406,76.80859444226544,76.79078674316406,76.79078674316406,3614300,SHY
2021-04-05,76.77294921875,76.78185646274785,76.74623428099287,76.75514152499073,3118200,SHY
2021-04-06,76.79078674316406,76.7996871955955,76.78187949649411,76.78187949649411,2497100,SHY
2021-04-07,76.79969024658203,76.81750474062962,76.79969024658203,76.80859749360583,3509100,SHY
2021-04-08,76.826416015625,76.826416015625,76.80860831330769,76.8175155615862,2109800,SHY
2021-04-09,76.79969024658203,76.81750474062962,76.790789793797,76.790789793797,2496200,SHY
2021-04-12,76.7818832397461,76.79969093971563,76.7729759926419,76.79079048685027,1687100,SHY
2021-04-13,76.80858612060547,76.80858612060547,76.78187117772852,76.79077842343342,1237100,SHY
2021-04-14,76.80858612060547,76.80858612060547,76.79967887490056,76.79967887490056,1414000,SHY
2021-04-15,76.826416015625,76.826416015625,76.80860831330769,76.80860831330769,1843200,SHY
2021-04-16,76.81748962402344,76.81748962402344,76.79967513348149,76.79967513348149,1674900,SHY
2021-04-19,76.80858612060547,76.81749336631037,76.79967887490056,76.79967887490056,2063900,SHY
2021-04-20,76.826416015625,76.83532326390352,76.80860831330769,76.8175155615862,2012700,SHY
2021-04-21,76.84422302246094,76.84422302246094,76.82640852764021,76.84422302246094,2061000,SHY
2021-04-22,76.83528900146484,76.83528900146484,76.81748130708834,76.82638175715825,4373500,SHY
2021-04-23,76.81748962402344,76.84420456559893,76.81748962402344,76.84420456559893,1535200,SHY
2021-04-26,76.79969024658203,76.81750474062962,76.79969024658203,76.81750474062962,1265800,SHY
2021-04-27,76.79078674316406,76.80859444226544,76.79078674316406,76.80859444226544,1473000,SHY
2021-04-28,76.80858612060547,76.81749336631037,76.79077842343342,76.79967887490056,2032700,SHY
2021-04-29,76.826416015625,76.826416015625,76.79970106502917,76.80860831330769,1552900,SHY
2021-04-30,76.83528900146484,76.83528900146484,76.81748130708834,76.81748130708834,2367400,SHY
2021-05-03,76.82817840576172,76.83708009524993,76.8192699210907,76.82817840576172,2910400,SHY
2021-05-04,76.82817840576172,76.84598857992096,76.82817840576172,76.82817840576172,1972900,SHY
2021-05-05,76.84600830078125,76.84600830078125,76.82819812205142,76.82819812205142,1301900,SHY
2021-05-06,76.84600830078125,76.85491678773845,76.83709981382405,76.85491678773845,1981300,SHY
2021-05-07,76.87271118164062,76.88161966676859,76.86380949169585,76.87271118164062,1950300,SHY
2021-05-10,76.84600830078125,76.86382527469564,76.84600830078125,76.85491678773845,2483700,SHY
2021-05-11,76.83708953857422,76.85490651010599,76.83708953857422,76.8459980243401,2630000,SHY
2021-05-12,76.82817840576172,76.82817840576172,76.81036143641967,76.81036143641967,4113100,SHY
2021-05-13,76.84600830078125,76.84600830078125,76.82819812205142,76.83709981382405,5495200,SHY
2021-05-14,76.84600830078125,76.85491678773845,76.84600830078125,76.84600830078125,3836400,SHY
2021-05-17,76.84600830078125,76.85491678773845,76.83709981382405,76.83709981382405,3861000,SHY
2021-05-18,76.85491180419922,76.85491180419922,76.84600331781968,76.85491180419922,3419200,SHY
2021-05-19,76.82817840576172,76.863805549263,76.82817840576172,76.863805549263,5213300,SHY
2021-05-20,76.86382293701172,76.86382293701172,76.83709747695295,76.8460059636392,4011000,SHY
2021-05-21,76.84600830078125,76.86382527469564,76.84600830078125,76.86382527469564,1822400,SHY
2021-05-24,76.86382293701172,76.86382293701172,76.8460059636392,76.85491445032547,2565300,SHY
2021-05-25,76.86382293701172,76.87272462851362,76.85491445032547,76.86382293701172,2403900,SHY
2021-05-26,76.88162994384766,76.88162994384766,76.87272145752887,76.88162994384766,1810700,SHY
2021-05-27,76.88162994384766,76.88162994384766,76.86381976639416,76.87272145752887,1257900,SHY
2021-05-28,76.88162994384766,76.89053843016644,76.87272145752887,76.88162994384766,2054600,SHY
2021-06-01,76.8656005859375,76.88341324050575,76.8656005859375,76.8656005859375,2265800,SHY
2021-06-02,76.87449645996094,76.88339938757633,76.8655867362176,76.88339938757633,1234900,SHY
2021-06-03,76.84778594970703,76.86560540152082,76.84778594970703,76.85669567561393,1607800,SHY
2021-06-04,76.87449645996094,76.87449645996094,76.8655867362176,76.8655867362176,2060600,SHY
2021-06-07,76.8656005859375,76.8656005859375,76.8566908605888,76.8656005859375,1240100,SHY
2021-06-08,76.8833999633789,76.8833999633789,76.87449703569683,76.87449703569683,1504400,SHY
2021-06-09,76.8656005859375,76.89232296585446,76.8656005859375,76.89232296585446,2284000,SHY
2021-06-10,76.89231872558594,76.89231872558594,76.85668662228522,76.8655963471426,1736300,SHY
2021-06-11,76.87449645996094,76.89230911131968,76.87449645996094,76.89230911131968,1661000,SHY
2021-06-14,76.84778594970703,76.87451512742773,76.84778594970703,76.86560540152082,3526800,SHY
2021-06-15,76.83887481689453,76.85668747067712,76.83887481689453,76.85668747067712,12066300,SHY
2021-06-16,76.76760864257812,76.85668550146649,76.75869891785068,76.84777577673904,2094700,SHY
2021-06-17,76.76760864257812,76.78542129590431,76.75869891785068,76.78542129590431,2527100,SHY
2021-06-18,76.70525360107422,76.72306625427021,76.66071177389126,76.71416332573654,4317700,SHY
2021-06-21,76.72306823730469,76.72306823730469,76.6785332050993,76.68743613386307,5551300,SHY
2021-06-22,76.76760864257812,76.76760864257812,76.73197653979703,76.74088626452448,2681300,SHY
2021-06-23,76.71416473388672,76.75869976575851,76.71416473388672,76.75869976575851,2761200,SHY
2021-06-24,76.72306823730469,76.73197796219729,76.7141653085409,76.73197796219729,1273500,SHY
2021-06-25,76.71416473388672,76.73197738740969,76.71416473388672,76.73197738740969,1344300,SHY
2021-06-28,76.7408676147461,76.7408676147461,76.72304816962173,76.73195789218391,1484900,SHY
2021-06-29,76.7319564819336,76.74086620433202,76.72304675953517,76.72304675953517,1691200,SHY
2021-06-30,76.74981689453125,76.74981689453125,76.73199744022266,76.74981689453125,2585800,SHY
2021-07-01,76.73464965820312,76.74356072802728,76.7257453855337,76.74356072802728,2227100,SHY
2021-07-02,76.770263671875,76.770263671875,76.74353726772748,76.76135940192758,1863400,SHY
2021-07-06,76.79701232910156,76.80592339878373,76.76138164468209,76.77028591720966,3158600,SHY
2021-07-07,76.8058853149414,76.8058853149414,76.77915891630165,76.78806998156531,1723000,SHY
2021-07-08,76.84154510498047,76.85045617283322,76.82372976642817,76.82372976642817,1440800,SHY
2021-07-09,76.81481170654297,76.83262704347362,76.80590063950135,76.82372277358459,1258000,SHY
2021-07-12,76.79701232910156,76.8148344684659,76.77919698689183,76.80592339878373,1271000,SHY
2021-07-13,76.73464965820312,76.76138286767556,76.73464965820312,76.76138286767556,2683300,SHY
2021-07-14,76.78809356689453,76.78809356689453,76.77027143089317,76.77027143089317,1696000,SHY
2021-07-15,76.79701232910156,76.79701232910156,76.77919698689183,76.79701232910156,1396300,SHY
2021-07-16,76.78809356689453,76.80590890574257,76.76136716004581,76.77027143089317,1851600,SHY
2021-07-19,76.82373046875,76.86827221411454,76.82373046875,76.83263473953095,9352500,SHY
2021-07-20,76.859375,76.87719713908085,76.84155965807365,76.86828606954043,2405300,SHY
2021-07-21,76.83263397216797,76.8504561078584,76.82372970147595,76.84154504001319,2789500,SHY
2021-07-22,76.84154510498047,76.85045617283322,76.82372976642817,76.83263403712772,2295700,SHY
2021-07-23,76.8504638671875,76.8504638671875,76.83264172969763,76.83264172969763,1386800,SHY
2021-07-26,76.83263397216797,76.8504561078584,76.83263397216797,76.8504561078584,2259200,SHY
2021-07-27,76.8504638671875,76.85936813877855,76.8504638671875,76.85936813877855,1387000,SHY
2021-07-28,76.859375,76.86828606954043,76.82374431614728,76.85047072761407,2438500,SHY
2021-07-29,76.859375,76.859375,76.84155965807365,76.84155965807365,1197600,SHY
2021-07-30,76.877197265625,76.877197265625,76.8593751265148,76.8682861960699,2019300,SHY
2021-08-02,76.90568542480469,76.91459773119183,76.88786761012831,76.88786761012831,3399900,SHY
2021-08-03,76.90568542480469,76.91459773119183,76.89677991651547,76.90568542480469,1221700,SHY
2021-08-04,76.87896728515625,76.93242753561496,76.86114946770302,76.91460971816173,1878600,SHY
2021-08-05,76.84330749511719,76.85221980088023,76.82548968168857,76.84330749511719,1400000,SHY
2021-08-06,76.81657409667969,76.82548640206227,76.81657409667969,76.81657409667969,2313700,SHY
2021-08-09,76.78986358642578,76.83441832661829,76.78986358642578,76.82550601896001,1862800,SHY
2021-08-10,76.76311492919922,76.79875735312855,76.76311492919922,76.78984504762191,1198100,SHY
2021-08-11,76.79878997802734,76.80769548921988,76.78096535944196,76.78096535944196,1837300,SHY
2021-08-12,76.79878997802734,76.79878997802734,76.78096535944196,76.78987766873465,1792800,SHY
2021-08-13,76.80767822265625,76.81659052994543,76.78986040617652,76.78986040617652,1333000,SHY
2021-08-16,76.82548522949219,76.84330304188823,76.81657292424563,76.82548522949219,1797100,SHY
2021-08-17,76.80767822265625,76.83441514452379,76.80767822265625,76.81659052994543,1579600,SHY
2021-08-18,76.80767822265625,76.82550283723461,76.78986040617652,76.80767822265625,2310100,SHY
2021-08-19,76.80767822265625,76.82550283723461,76.7987727134657,76.82550283723461,1780800,SHY
2021-08-20,76.80767822265625,76.81659052994543,76.7987727134657,76.80767822265625,1685300,SHY
2021-08-23,76.80767822265625,76.80767822265625,76.78986040617652,76.7987727134657,1532500,SHY
2021-08-24,76.79878997802734,76.80769548921988,76.78987766873465,76.80769548921988,1249900,SHY
2021-08-25,76.78986358642578,76.80768140364344,76.7809512787675,76.80768140364344,1319600,SHY
2021-08-26,76.78986358642578,76.80768140364344,76.7809512787675,76.78986358642578,2078600,SHY
2021-08-27,76.84330749511719,76.84330749511719,76.7809349509708,76.80766507016247,2774900,SHY
2021-08-30,76.86113739013672,76.87004289841448,76.8344072691076,76.84331277738536,1438000,SHY
2021-08-31,76.85224151611328,76.86115382439456,76.85224151611328,76.86115382439456,2052200,SHY
2021-09-01,76.84599304199219,76.85489989312141,76.83707939173996,76.85489989312141,1324600,SHY
2021-09-02,76.84599304199219,76.85489989312141,76.83707939173996,76.84599304199219,1640100,SHY
2021-09-03,76.84599304199219,76.85489989312141,76.84599304199219,76.84599304199219,1136600,SHY
2021-09-07,76.81925201416016,76.83707931464672,76.81925201416016,76.83707931464672,1468700,SHY
2021-09-08,76.83706665039062,76.84598029916475,76.82815300161649,76.83706665039062,1607200,SHY
2021-09-09,76.85492706298828,76.85492706298828,76.8281929019035,76.8281929019035,1600700,SHY
2021-09-10,76.8281478881836,76.84597518454534,76.8281478881836,76.8281478881836,1380200,SHY
2021-09-13,76.84599304199219,76.84599304199219,76.83707939173996,76.83707939173996,1095900,SHY
2021-09-14,76.85492706298828,76.86384071639166,76.8460202087103,76.85492706298828,1422900,SHY
2021-09-15,76.85492706298828,76.85492706298828,76.8371065553069,76.8460202087103,1790500,SHY
2021-09-16,76.8281478881836,76.83706153636447,76.81923424000273,76.8281478881836,1095300,SHY
2021-09-17,76.81034851074219,76.81925536225067,76.81034851074219,76.81925536225067,2905000,SHY
2021-09-20,76.8281478881836,76.83706153636447,76.81923424000273,76.8281478881836,2407400,SHY
2021-09-21,76.84599304199219,76.85489989312141,76.83707939173996,76.83707939173996,1931300,SHY
2021-09-22,76.80145263671875,76.84601410106859,76.78363213045373,76.82818679567872,1606100,SHY
2021-09-23,76.7568588256836,76.78359977249931,76.7568588256836,76.77468612356074,2855800,SHY
2021-09-24,76.73013305664062,76.76578085716554,76.73013305664062,76.75686720725362,1462800,SHY
2021-09-27,76.7212142944336,76.7390415930695,76.7212142944336,76.73012794375155,1835300,SHY
2021-09-28,76.73013305664062,76.73904670655254,76.72121940672871,76.73013305664062,2489500,SHY
2021-09-29,76.7568588256836,76.7568588256836,76.73903832692844,76.73903832692844,3552100,SHY
2021-09-30,76.77470397949219,76.77470397949219,76.73905617456907,76.73905617456907,4498600,SHY
2021-10-01,76.8112564086914,76.8112564086914,76.78451883709289,76.79343362762332,3991700,SHY
2021-10-04,76.77558135986328,76.79341093565561,76.77558135986328,76.78449614775946,12146800,SHY
2021-10-05,76.76667022705078,76.77558501537142,76.75776223872126,76.76667022705078,3590900,SHY
2021-10-06,76.75778198242188,76.75778198242188,76.73995240119449,76.75778198242188,3850200,SHY
2021-10-07,76.73102569580078,76.73994048503019,76.72211770656315,76.73994048503019,2452100,SHY
2021-10-08,76.70428466796875,76.73993702328633,76.69537667913296,76.73993702328633,1969600,SHY
2021-10-11,76.64191436767578,76.6864815232305,76.64191436767578,76.66865194101132,2012100,SHY
2021-10-12,76.67752838134766,76.68644316799845,76.65079082138507,76.67752838134766,1945700,SHY
2021-10-13,76.65081024169922,76.65972503060867,76.63298746387184,76.63298746387184,2764300,SHY
2021-10-14,76.65081024169922,76.6686330195266,76.59733510822556,76.65972503060867,3496500,SHY
2021-10-15,76.60620880126953,76.6418611409546,76.58838603142124,76.62403837110631,2839800,SHY
2021-10-18,76.55278778076172,76.57952535442007,76.53496499832059,76.55278778076172,2968700,SHY
2021-10-19,76.5794906616211,76.59732023597819,76.5794906616211,76.5794906616211,1838600,SHY
2021-10-20,76.60620880126953,76.60620880126953,76.59730081633964,76.59730081633964,2360700,SHY
2021-10-21,76.51712036132812,76.55277271918916,76.50820557186488,76.54385792972592,2117400,SHY
2021-10-22,76.4992904663086,76.4992904663086,76.44580853449602,76.4903756776746,3414900,SHY
2021-10-25,76.53495025634766,76.54385824585574,76.50820588784745,76.50820588784745,1990400,SHY
2021-10-26,76.51712036132812,76.52603515079137,76.49929758239358,76.51712036132812,2870300,SHY
2021-10-27,76.4992904663086,76.53494282085319,76.44580853449602,76.5260280322192,4373600,SHY
2021-10-28,76.50821685791016,76.54386922103042,76.46365650400455,76.47257129478285,2970000,SHY
2021-10-29,76.51712036132812,76.54385792972592,76.43690765613476,76.4547304350693,3957900,SHY
2021-11-01,76.48233032226562,76.50015537827895,76.45558253695451,76.47341439382859,5050500,SHY
2021-11-02,76.56259155273438,76.5715074856289,76.51801868912594,76.53585055491497,2187800,SHY
2021-11-03,76.54476928710938,76.56259435268615,76.47345542307353,76.54476928710938,3242400,SHY
2021-11-04,76.61605834960938,76.65171527324982,76.58931735709473,76.58931735709473,3545800,SHY
2021-11-05,76.6517105102539,76.6606264408257,76.5893125979761,76.59822852854789,2946700,SHY
2021-11-08,76.56259155273438,76.6249894812677,76.55367561983986,76.6160735483732,2292900,SHY
2021-11-09,76.60717010498047,76.624995171229,76.59825417142389,76.60717010498047,1938700,SHY
2021-11-10,76.45564270019531,76.51804064663426,76.45564270019531,76.50021557659431,5382400,SHY
2021-11-11,76.40213012695312,76.44670298552217,76.40213012695312,76.43778705363569,1839100,SHY
2021-11-12,76.46452331542969,76.4823551780989,76.43778232228883,76.46452331542969,3130800,SHY
2021-11-15,76.45564270019531,76.47347457110135,76.42890169470235,76.47347457110135,2433500,SHY
2021-11-16,76.45564270019531,76.46455863564833,76.3665037482634,76.43781763015537,1722500,SHY
2021-11-17,76.48233032226562,76.48233032226562,76.43775748094119,76.44667340937822,1445900,SHY
2021-11-18,76.47344970703125,76.49127477127567,76.45561784192294,76.4645337744771,1620300,SHY
2021-11-19,76.45564270019531,76.55369758758025,76.45564270019531,76.53587251754031,2791100,SHY
2021-11-22,76.36642456054688,76.40208146451864,76.3485995089905,76.38425641296227,3126600,SHY
2021-11-23,76.36642456054688,76.39316553831094,76.35751543519821,76.37534048675458,2892300,SHY
2021-11-24,76.34866333007812,76.3575792637388,76.32192232996083,76.33974739641745,1613400,SHY
2021-11-26,76.50018310546875,76.56258102542239,76.50018310546875,76.50909903713733,2842700,SHY
2021-11-29,76.53583526611328,76.53583526611328,76.47343735004456,76.49126241140871,3767900,SHY
2021-11-30,76.47344970703125,76.62498655613244,76.44670871023268,76.58042049508944,6358600,SHY
2021-12-01,76.48233032226562,76.48233032226562,76.35746175592152,76.41097491154713,10046200,SHY
2021-12-02,76.38424682617188,76.42884567571359,76.35749023837847,76.41992454483943,4117900,SHY
2021-12-03,76.42884063720703,76.4466760929505,76.3396429440039,76.34856407428992,2931600,SHY
2021-12-06,76.36637115478516,76.4109631760157,76.34852890243258,76.40204885466487,4120400,SHY
2021-12-07,76.26831817626953,76.31291023199284,76.26831817626953,76.30399590374662,4194600,SHY
2021-12-08,76.29505157470703,76.29505157470703,76.24153840217636,76.25045272771237,2396700,SHY
2021-12-09,76.26831817626953,76.31291023199284,76.26831817626953,76.28615363759272,1829300,SHY
2021-12-10,76.30401611328125,76.35752931625478,76.27725270696196,76.29509497784149,1854400,SHY
2021-12-13,76.34857177734375,76.36641403971598,76.29505859988564,76.30397973107175,2589400,SHY
2021-12-14,76.30401611328125,76.33077271476802,76.30401611328125,76.30401611328125,3931700,SHY
2021-12-15,76.33074951171875,76.33074951171875,76.23263746620306,76.29507178563755,5859800,SHY
2021-12-16,76.39137268066406,76.39137268066406,76.3467712668537,76.3467712668537,2523500,SHY
2021-12-17,76.35568237304688,76.40921359481116,76.33784316996433,76.38245138705818,2459300,SHY
2021-12-20,76.37354278564453,76.42706721124463,76.37354278564453,76.40030499844458,5130600,SHY
2021-12-21,76.32893371582031,76.34677972832935,76.30217150331629,76.33785672207483,2031700,SHY
2021-12-22,76.320068359375,76.33790757750879,76.30222233497715,76.32898456530985,3726000,SHY
2021-12-23,76.31111907958984,76.32004208871732,76.29327306133489,76.32004208871732,1919700,SHY
2021-12-27,76.28433990478516,76.28433990478516,76.25757768961218,76.26649389049636,2270700,SHY
2021-12-28,76.28433990478516,76.30217911281373,76.27541689764075,76.28433990478516,3464800,SHY
2021-12-29,76.27542877197266,76.29326798277839,76.26650576343916,76.27542877197266,3110300,SHY
2021-12-30,76.320068359375,76.320068359375,76.27546010464444,76.28438311684336,1619100,SHY
2021-12-31,76.31111907958984,76.33788130071054,76.28435685846914,76.32895829158306,2649500,SHY
2022-01-03,76.2219009399414,76.23974014995295,76.20405492366889,76.23081714181669,5301700,SHY
2022-01-04,76.26651000976562,76.26651000976562,76.22190857713736,76.22190857713736,2759300,SHY
2022-01-05,76.16838836669922,76.23975883676066,76.15947216263852,76.23975883676066,2851800,SHY
2022-01-06,76.10594177246094,76.13270399747266,76.08810255787402,76.12378779331057,3526800,SHY
2022-01-07,76.08807373046875,76.1148359453411,76.0613115155964,76.07915072342459,2658000,SHY
2022-01-10,76.04346466064453,76.07914988216646,76.04346466064453,76.07022687522097,4347300,SHY
2022-01-11,76.07024383544922,76.07024383544922,75.98995717381963,75.99888018275456,15869300,SHY
2022-01-12,76.04346466064453,76.07914988216646,76.04346466064453,76.07914988216646,7286200,SHY
2022-01-13,76.07917785644531,76.0881008666718,76.05241563202843,76.06133864225491,3739100,SHY
2022-01-14,75.98102569580078,76.05239614680184,75.98102569580078,76.05239614680184,2064800,SHY
2022-01-18,75.86505889892578,75.91858333763113,75.85613589038779,75.90966032909314,3257300,SHY
2022-01-19,75.90072631835938,75.93641153787728,75.89180331191497,75.89180331191497,3753500,SHY
2022-01-20,75.88290405273438,75.90075007120801,75.87398784975937,75.8918270619712,2762400,SHY
2022-01-21,75.94534301757812,75.98102824427558,75.93642681559956,75.96318903405738,5322600,SHY
2022-01-24,75.98993682861328,76.04346125536928,75.96317461523529,75.98101382206737,7835800,SHY
2022-01-25,75.95425415039062,76.01670158578226,75.95425415039062,75.99886237835322,4657100,SHY
2022-01-26,75.8204574584961,75.98996060460448,75.80261824608243,75.96319838285302,10878900,SHY
2022-01-27,75.75799560546875,75.79368082977489,75.74015639644598,75.75799560546875,7524900,SHY
2022-01-28,75.78474426269531,75.80259027478566,75.74906585103336,75.75798205081917,4613200,SHY
2022-01-31,75.78474426269531,75.80259027478566,75.7401428449882,75.76690505686433,7218500,SHY
2022-02-01,75.77849578857422,75.80526524711905,75.73388229370029,75.80526524711905,13138500,SHY
2022-02-02,75.79634857177734,75.8231180310069,75.7874231493333,75.80526718611883,5492000,SHY
2022-02-03,75.73389434814453,75.76066381095022,75.71604350087178,75.76066381095022,3620800,SHY
2022-02-04,75.58219146728516,75.62681177859658,75.54650338796039,75.62681177859658,9404700,SHY
2022-02-07,75.60005950927734,75.60898493519032,75.5643646137306,75.60005950927734,3555700,SHY
2022-02-08,75.51971435546875,75.57326008161537,75.51971435546875,75.56433465924052,14355600,SHY
2022-02-09,75.51081848144531,75.55543199055003,75.50189305638254,75.54651337359182,2976900,SHY
2022-02-10,75.12711334228516,75.36804537480057,75.12711334228516,75.35911994897256,5892000,SHY
2022-02-11,75.3591079711914,75.3591079711914,75.18064033162797,75.25203011069497,5432400,SHY
2022-02-14,75.198486328125,75.2520320678699,75.15387282112584,75.20741175276652,4375400,SHY
2022-02-15,75.22525024414062,75.24309428238804,75.18062993636741,75.19847397461483,2127700,SHY
2022-02-16,75.32341766357422,75.33233627961596,75.23417703832597,75.25202788661716,3335200,SHY
2022-02-17,75.36802673339844,75.36802673339844,75.31448780788283,75.32341323150324,4442900,SHY
2022-02-18,75.37696075439453,75.42157426137828,75.35019128858345,75.39480479556718,2459400,SHY
2022-02-22,75.3055648803711,75.35018519184874,75.27879541672597,75.3323343440162,3487300,SHY
2022-02-23,75.26094818115234,75.3055684947716,75.24310414056704,75.27879902984165,4258700,SHY
2022-02-24,75.32341766357422,75.43942094505157,75.30556681528303,75.42157009676038,4573600,SHY
2022-02-25,75.32341766357422,75.32341766357422,75.24310246247155,75.28772277509569,4279100,SHY
2022-02-28,75.4572525024414,75.51971684491947,75.44833388787505,75.4572525024414,5265300,SHY
2022-03-01,75.63134002685547,75.74737762966771,75.59563457750137,75.61348389711935,7383600,SHY
2022-03-02,75.38137817382812,75.5241999263269,75.36352885982377,75.51527186426674,5250800,SHY
2022-03-03,75.38137817382812,75.41708361195282,75.33675148375924,75.37245692188394,6877400,SHY
2022-03-04,75.46172332763672,75.51527808417687,75.44386720204564,75.45279526484117,2880500,SHY
2022-03-07,75.36357116699219,75.43498208332983,75.36357116699219,75.39034855808885,6302700,SHY
2022-03-08,75.26536560058594,75.34570456557334,75.24751628065444,75.3189203704987,5585700,SHY
2022-03-09,75.220703125,75.238559248175,75.18500449888124,75.21178187352812,4988900,SHY
2022-03-10,75.15824127197266,75.16716933604975,75.12254263589935,75.15824127197266,4780300,SHY
2022-03-11,75.13146209716797,75.14039016103203,75.0868353980824,75.13146209716797,2620800,SHY
2022-03-14,74.9350814819336,75.02434849548995,74.9350814819336,75.00649236873187,3874900,SHY
2022-03-15,74.96188354492188,75.06006502503227,74.95295547941416,75.05114376964318,4999800,SHY
2022-03-16,74.89044952392578,74.96186040570716,74.7654838858666,74.94400428020356,5365100,SHY
2022-03-17,74.86370086669922,74.89047825511106,74.83691666816824,74.85477280052223,4453400,SHY
2022-03-18,74.8458251953125,74.86368132300501,74.81904781389109,74.82797587773734,4946500,SHY
2022-03-21,74.59590148925781,74.76550066903066,74.58697342450186,74.74764453951876,5342500,SHY
2022-03-22,74.5423355102539,74.56911289037656,74.4977020033048,74.51555813013125,2931500,SHY
2022-03-23,74.60482788085938,74.63160526440865,74.55126630364293,74.58697175174794,4184400,SHY
2022-03-24,74.58696746826172,74.59589553230471,74.53341270423878,74.57804621433623,3311200,SHY
2022-03-25,74.38165283203125,74.47984108392966,74.32809127001288,74.47984108392966,4601800,SHY
2022-03-28,74.31024932861328,74.37273214873719,74.31024932861328,74.33702670722114,2991200,SHY
2022-03-29,74.34595489501953,74.39058158940206,74.29240013771384,74.33702683209637,4640300,SHY
2022-03-30,74.39952850341797,74.41738463378861,74.3281176021721,74.33704566735743,5826600,SHY
2022-03-31,74.39952850341797,74.46201133947851,74.39060043823264,74.42630588885558,5328800,SHY
2022-04-01,74.24412536621094,74.28877815512908,74.21733641808368,74.2351934458155,10292300,SHY
2022-04-04,74.28877258300781,74.29769768967478,74.22626277104646,74.27090874355684,5015400,SHY
2022-04-05,74.15484619140625,74.24414497977413,74.13698234589617,74.24414497977413,4694600,SHY
2022-04-06,74.20840454101562,74.2887781985034,74.11017385578559,74.1280376965869,7479700,SHY
2022-04-07,74.26197814941406,74.3066241186254,74.22625728621018,74.26197814941406,6184500,SHY
2022-04-08,74.17269897460938,74.22628369500899,74.16377386542648,74.16377386542648,4539500,SHY
2022-04-11,74.19055938720703,74.21734833963741,74.13697466928612,74.1459065911163,6705400,SHY
2022-04-12,74.3780746459961,74.39593167318199,74.28877588394892,74.30663291113483,5658800,SHY
2022-04-13,74.41378784179688,74.52987553918435,74.3959240033938,74.44057678634336,4808100,SHY
2022-04-14,74.27985382080078,74.36915259469795,74.26199679124524,74.35129556514241,4336200,SHY
2022-04-18,74.27985382080078,74.30664277166396,74.26199679124524,74.29771085035632,4100100,SHY
2022-04-19,74.11018371582031,74.21734633570851,74.09232668570225,74.19055738400144,5811000,SHY
2022-04-20,74.15484619140625,74.16377811416129,74.10126828099769,74.11912531344693,6121600,SHY
2022-04-21,74.0298080444336,74.07445402094179,73.95836630634952,74.07445402094179,7119600,SHY
2022-04-22,74.0119400024414,74.04766086945592,73.90478421445661,73.90478421445661,5426000,SHY
2022-04-25,74.1280746459961,74.26202626653836,74.11021079629049,74.16379553234486,5772300,SHY
2022-04-26,74.26197814941406,74.27983517448699,74.20839344807924,74.24411431128311,6670600,SHY
2022-04-27,74.22626495361328,74.31556371431832,74.19054408671953,74.3066317943302,8770900,SHY
2022-04-28,74.17269897460938,74.18163089685272,74.10126403584397,74.16377386542648,4671300,SHY
2022-04-29,74.0298080444336,74.10124978251767,74.0208761239083,74.0208761239083,8047300,SHY
2022-05-02,74.02445220947266,74.06019205152846,74.00658569678369,74.04232553883949,10907500,SHY
2022-05-03,73.98873901367188,74.06915539142801,73.96193582664661,74.05128205562428,7556800,SHY
2022-05-04,74.18525695800781,74.19419362014554,73.86360528780895,73.91721844395938,11387900,SHY
2022-05-05,74.06017303466797,74.11377937564794,74.01549653940059,74.09591286754666,6415700,SHY
2022-05-06,74.05123901367188,74.15845851613243,74.0333725049333,74.06017567637934,6375000,SHY
2022-05-09,74.23885345458984,74.25672677649558,74.14950729508625,74.15844395603912,6956200,SHY
2022-05-10,74.1942138671875,74.2746233983424,74.18527720261102,74.25675688586725,10070100,SHY
2022-05-11,74.20317840576172,74.23891144413496,74.08702217266749,74.14063536358803,7797800,SHY
2022-05-12,74.31037902832031,74.37292206028826,74.25677266282757,74.28357584557394,5231400,SHY
2022-05-13,74.2835464477539,74.2835464477539,74.22100344053744,74.25674327561492,5002600,SHY
2022-05-16,74.32821655273438,74.36395638473785,74.30141338290076,74.31034322839467,4515800,SHY
2022-05-17,74.16744995117188,74.2567961941993,74.14957661255757,74.1853164731048,3569200,SHY
2022-05-18,74.20317840576172,74.25678478000192,74.13169869565455,74.14063536358803,3613800,SHY
2022-05-19,74.31037902832031,74.35505554401709,74.28357584557394,74.35505554401709,4523400,SHY
2022-05-20,74.36395263671875,74.41755897368417,74.3014096380339,74.31927614479717,4869500,SHY
2022-05-23,74.32821655273438,74.37288623023174,74.30141338290076,74.35501972256799,3648100,SHY
2022-05-24,74.49798583984375,74.53372567837457,74.3818364771265,74.3907731409285,4830000,SHY
2022-05-25,74.55162811279297,74.58736796527751,74.50695159301732,74.58736796527751,3377200,SHY
2022-05-26,74.56947326660156,74.63201628636102,74.54267008908721,74.61414977357742,5493200,SHY
2022-05-27,74.58735656738281,74.60522308255493,74.55161672035977,74.59628641662947,6058600,SHY
2022-05-31,74.47120666503906,74.5069465150878,74.44440348167235,74.5069465150878,8197900,SHY
2022-06-01,74.33257293701172,74.4577565673017,74.30574884794903,74.43093247823903,10980900,SHY
2022-06-02,74.35047149658203,74.3772955897163,74.3147037650706,74.3594151349592,5243200,SHY
2022-06-03,74.32364654541016,74.34152699996083,74.30575926886232,74.30575926886232,3224000,SHY
2022-06-06,74.22530364990234,74.28789548787388,74.22530364990234,74.28789548787388,3584900,SHY
2022-06-07,74.2342300415039,74.28788505365667,74.22529322447656,74.26106095857915,3944900,SHY
2022-06-08,74.18059539794922,74.22530677924193,74.18059539794922,74.20741949792526,4133100,SHY
2022-06-09,74.1269302368164,74.18057842449309,74.10904295959256,74.15375433065475,5332600,SHY
2022-06-10,73.81397247314453,73.98386067793454,73.81397247314453,73.9659802223768,6124200,SHY
2022-06-13,73.43842315673828,73.62619866074134,73.33112676702129,73.5993745633121,8794300,SHY
2022-06-14,73.29536437988281,73.48313989759231,73.26854028049557,73.45631579820507,8106200,SHY
2022-06-15,73.58148193359375,73.62618648124787,73.32217099800991,73.43841100830727,9018300,SHY
2022-06-16,73.67984771728516,73.70667181254447,73.46524813321282,73.49207222847214,8076400,SHY
2022-06-17,73.6619873046875,73.71564233677266,73.58151498956015,73.7066986944251,8188800,SHY
2022-06-21,73.63514709472656,73.64409073511806,73.59937935515939,73.61726663594236,5443800,SHY
2022-06-22,73.8497543334961,73.8497543334961,73.77822566897675,73.79610612960671,4110700,SHY
2022-06-23,73.912353515625,74.09118541116844,73.90340987424797,73.98388218064267,6229400,SHY
2022-06-24,73.89446258544922,73.97494170987099,73.84975120277055,73.86763848464169,6103300,SHY
2022-06-27,73.81397247314453,73.87656430059297,73.7513806456961,73.81397247314453,7376400,SHY
2022-06-28,73.79610443115234,73.80504807226123,73.76033668871615,73.77822397093391,4399500,SHY
2022-06-29,73.88551330566406,73.89445694591707,73.78715372887702,73.79609736913002,4170700,SHY
2022-06-30,74.028564453125,74.08221263629049,73.98385308582253,74.00174036154225,16742600,SHY
2022-07-01,74.25143432617188,74.34988783612239,74.18878271334097,74.21563242905226,9559300,SHY
2022-07-05,74.24250793457031,74.29621421316264,74.22461039405023,74.2693644881245,9888800,SHY
2022-07-06,74.03665924072266,74.26041606539674,74.02770705575111,74.26041606539674,4883800,SHY
2022-07-07,73.98294067382812,74.03664011275097,73.93818658904935,74.03664011275097,4906300,SHY
2022-07-08,73.89344024658203,73.92028996885668,73.85763834071072,73.91134461377536,3249100,SHY
2022-07-11,73.92029571533203,74.00980390122623,73.9113503595553,73.96504980827913,16663800,SHY
2022-07-12,73.95606994628906,74.04557809868527,73.94712459386008,74.00977620342945,6373100,SHY
2022-07-13,73.87553405761719,73.96503539755784,73.7770805351281,73.78603271767653,11769700,SHY
2022-07-14,73.84867858886719,73.90237802294781,73.69651881144877,73.73232071034052,6656800,SHY
2022-07-15,73.90235900878906,73.9560584290535,73.83075522942833,73.83970740897648,5961500,SHY
2022-07-18,73.85759735107422,73.87550170833094,73.8128501149555,73.85759735107422,2608200,SHY
2022-07-19,73.77706909179688,73.87552259901514,73.768116910637,73.86657041785526,9115200,SHY
2022-07-20,73.76811218261719,73.84866815086609,73.7591668305441,73.84866815086609,5453600,SHY
2022-07-21,73.9739761352539,73.99187366906722,73.85761826567024,73.87552262799701,5850000,SHY
2022-07-22,74.16191864013672,74.24246777167657,74.11716457027303,74.12611674994824,6038100,SHY
2022-07-25,74.09927368164062,74.13507557503837,74.08136932068528,74.09927368164062,20449500,SHY
2022-07-26,74.06346893310547,74.1798199607781,74.06346893310547,74.17087460915822,2854600,SHY
2022-07-27,74.17984008789062,74.20669663557527,74.04559149204005,74.08138656525718,7051600,SHY
2022-07-28,74.34093475341797,74.37673665010352,74.29618750394621,74.35883911601753,5573700,SHY
2022-07-29,74.33199310302734,74.36778817298224,74.2693414878354,74.28723902281286,5546100,SHY
2022-08-01,74.33019256591797,74.34811591983035,74.27643617569407,74.33019256591797,6463000,SHY
2022-08-02,74.07037353515625,74.33916921191405,74.07037353515625,74.32124585439259,14265300,SHY
2022-08-03,74.09724426269531,74.09724426269531,73.92701339795794,74.05244954492541,6485500,SHY
2022-08-04,74.19580078125,74.21372413661824,74.08828799206935,74.11516618936452,5411500,SHY
2022-08-05,73.89116668701172,73.95388475469375,73.8732433329559,73.91804488233878,5049700,SHY
2022-08-08,73.96286010742188,73.97181495034884,73.92702022844013,73.94493675005202,6868900,SHY
2022-08-09,73.89116668701172,73.90908320531086,73.86428849168468,73.90012836403963,3742100,SHY
2022-08-10,73.96286010742188,74.11517446627582,73.95389842873695,74.07037290860914,6820900,SHY
2022-08-11,73.93595886230469,74.08828002352305,73.93595886230469,74.06140182911876,4071500,SHY
2022-08-12,73.95390319824219,74.02558296082852,73.92702499621191,74.01662128156563,4782800,SHY
2022-08-15,74.01660919189453,74.05244906733371,73.9986858362963,74.02557086969365,17015900,SHY
2022-08-16,73.95390319824219,73.99869792303984,73.94494151897929,73.99869792303984,3249300,SHY
2022-08-17,73.89116668701172,73.90908320531086,73.8194869423018,73.84636513762884,4162400,SHY
2022-08-18,73.9986801147461,74.0166034689585,73.9359620465162,73.97180191918424,3648300,SHY
2022-08-19,73.94493103027344,73.95389270826516,73.90013631182968,73.92701451004743,4519300,SHY
2022-08-22,73.84636688232422,73.90908495148803,73.82845036360179,73.88220675552594,3739700,SHY
2022-08-23,73.88219451904297,73.98075244508517,73.83739981177743,73.8642780032879,4227600,SHY
2022-08-24,73.80158233642578,73.87325525694786,73.80158233642578,73.85533873575679,4551800,SHY
2022-08-25,73.84636688232422,73.88220675552594,73.82845036360179,73.86429023680351,3026400,SHY
2022-08-26,73.82845306396484,73.87324778028777,73.77468983431739,73.83741474153227,4304000,SHY
2022-08-29,73.7746810913086,73.81948263807922,73.76572625055951,73.81052096157383,3656100,SHY
2022-08-30,73.73883819580078,73.79259457613172,73.6940366550214,73.7567547106593,4626200,SHY
2022-08-31,73.7298812866211,73.78363767042701,73.71195793484857,73.74779780263779,5424100,SHY
2022-09-01,73.67605590820312,73.72988454247624,73.62223411800302,73.68502848792748,6728700,SHY
2022-09-02,73.8375473022461,73.86445820433627,73.77475291601073,73.81960898221091,4105600,SHY
2022-09-06,73.67605590820312,73.73885027812759,73.67605590820312,73.72988454247624,4991800,SHY
2022-09-07,73.78372955322266,73.78372955322266,73.70299684251503,73.72093516353611,4425300,SHY
2022-09-08,73.69400024414062,73.75679461336338,73.68502766451654,73.7388494541152,4979800,SHY
2022-09-09,73.63119506835938,73.72090031921577,73.60428417750964,73.69398942836605,4072200,SHY
2022-09-12,73.62223815917969,73.68503253255098,73.60429984281934,73.67605995233411,3139400,SHY
2022-09-13,73.37104797363281,73.4248697574769,73.32619192438126,73.39795886555486,6543600,SHY
2022-09-14,73.30826568603516,73.37106005888711,73.2992931058925,73.30826568603516,4744800,SHY
2022-09-15,73.22753143310547,73.28136007376952,73.22753143310547,73.26341491219023,3592100,SHY
2022-09-16,73.263427734375,73.29033863737992,73.19166076364522,73.20063334600519,4366200,SHY
2022-09-19,73.18267822265625,73.20061653918256,73.1378221652303,73.15576732583007,4378200,SHY
2022-09-20,73.14678955078125,73.26340571010401,73.11987865586622,73.14678955078125,15975300,SHY
2022-09-21,73.083984375,73.15575131354383,72.94942307624831,73.14677873520786,4475800,SHY
2022-09-22,72.94943237304688,73.01222674125736,72.91354889920191,73.00325416177792,6605100,SHY
2022-09-23,72.8597412109375,72.96738480923172,72.8417960485057,72.94944649087407,10192800,SHY
2022-09-26,72.69827270507812,72.84179979153706,72.66238922244476,72.82386147225762,6145800,SHY
2022-09-27,72.69827270507812,72.77003967034484,72.67136180412173,72.76106708866787,15088300,SHY
2022-09-28,73.01222229003906,73.01222229003906,72.86869524748221,72.93148961186441,7793400,SHY
2022-09-29,72.91356658935547,72.94047749025006,72.8328338866717,72.88665568846088,4734800,SHY
2022-09-30,72.85076904296875,72.97635780440719,72.82385814324255,72.92253600495476,8447100,SHY
2022-10-03,73.01066589355469,73.12744423024398,72.96575694752623,73.00168136307349,8906600,SHY
2022-10-04,73.03760528564453,73.12743687504368,73.01964307967755,73.0555743447996,6219800,SHY
2022-10-05,72.96572875976562,72.99267548761053,72.90285077706548,72.95674423275528,7175900,SHY
2022-10-06,72.87591552734375,72.97472478975376,72.87591552734375,72.96574711367128,5100100,SHY
2022-10-07,72.78609466552734,72.83101046108008,72.78609466552734,72.8130414015837,4619000,SHY
2022-10-10,72.7591552734375,72.80407107352383,72.72322400400623,72.79508654286879,2934800,SHY
2022-10-11,72.7950668334961,72.86692935290176,72.7950668334961,72.82201356497646,3836500,SHY
2022-10-12,72.86695098876953,72.87592866647063,72.80407297891641,72.8130506566175,8787600,SHY
2022-10-13,72.6513442993164,72.74117587826395,72.57050410208838,72.57948863062059,5751300,SHY
2022-10-14,72.61542510986328,72.75016564749637,72.59746290300014,72.73220344063323,5506000,SHY
2022-10-17,72.6962661743164,72.75015964364661,72.68728164503209,72.74118196755015,4013800,SHY
2022-10-18,72.7322006225586,72.77710956457064,72.6872848273584,72.76813188808113,7012000,SHY
2022-10-19,72.59747314453125,72.65136662591202,72.58848861323798,72.62441988522164,4349100,SHY
2022-10-20,72.51664733886719,72.5974875770095,72.51664733886719,72.55257176480326,5797300,SHY
2022-10-21,72.70525360107422,72.75016254290982,72.5794975988335,72.60644433457249,5180300,SHY
2022-10-24,72.6872787475586,72.7321945390019,72.64236980930288,72.66931654289382,3680100,SHY
2022-10-25,72.7591552734375,72.8399954897662,72.74119306531631,72.79508654286879,5113300,SHY
2022-10-26,72.82200622558594,72.85793748166743,72.76811276805688,72.77709044218749,6039900,SHY
2022-10-27,72.97471618652344,72.98370071473455,72.8669292607383,72.90286052039569,4010800,SHY
2022-10-28,72.86695098876953,72.92982899862265,72.83999739609898,72.88491319736082,4464100,SHY
2022-10-31,72.7591552734375,72.78610201221373,72.72322400400623,72.76813980409254,6845900,SHY
2022-11-01,72.68807220458984,72.87703517618819,72.68807220458984,72.86804184311666,5349700,SHY
2022-11-02,72.65206909179688,72.85003223657887,72.60708183670754,72.7330571351799,5714700,SHY
2022-11-03,72.51707458496094,72.56206869339337,72.4900808659563,72.4900808659563,4834000,SHY
2022-11-04,72.59806823730469,72.62506195840277,72.49908668318668,72.55307412538282,4347200,SHY
2022-11-07,72.53510284423828,72.5620965736146,72.52610264606626,72.5620965736146,4391400,SHY
2022-11-08,72.6070785522461,72.62507208044009,72.56208443405322,72.57108463071951,7092100,SHY
2022-11-09,72.72406005859375,72.74205358837379,72.61607828449598,72.6340786794152,4587600,SHY
2022-11-10,73.1199951171875,73.14698884765815,73.0300137272387,73.03900706063558,6631600,SHY
2022-11-11,73.10200500488281,73.13799893895434,73.03901733654288,73.05701773614912,4246000,SHY
2022-11-14,73.03899383544922,73.03899383544922,72.98500638428345,73.03000050368075,7192100,SHY
2022-11-15,73.11099243164062,73.11999262987135,73.04800477430511,73.11099243164062,21231100,SHY
2022-11-16,73.1199951171875,73.15598904619502,73.10199472011375,73.14698884765815,8253300,SHY
2022-11-17,73.02998352050781,73.05697723981328,72.99398960638813,73.05697723981328,5450000,SHY
2022-11-18,72.94898986816406,73.04797140807074,72.94898986816406,73.02097769084831,4372600,SHY
2022-11-21,72.93101501464844,73.0119961870461,72.9220148182248,73.00299599062245,3435700,SHY
2022-11-22,72.9849853515625,72.99398554587606,72.93999124513154,72.97598515724896,3421500,SHY
2022-11-23,73.0479965209961,73.05699671820993,72.95801514427471,72.97600867356338,4071000,SHY
2022-11-25,73.05699920654297,73.06599253892414,73.02100528160065,73.03000547912104,1539000,SHY
2022-11-28,73.07498168945312,73.1109756089541,73.05698816227172,73.07498168945312,4330000,SHY
2022-11-29,73.0479965209961,73.09299064192628,73.0479965209961,73.07499024749862,4708500,SHY
2022-11-30,73.26394653320312,73.26394653320312,72.98500223120118,73.01199595524804,10368900,SHY
2022-12-01,73.4217300415039,73.4217300415039,73.27746201201822,73.30451742685548,23602200,SHY
2022-12-02,73.40372467041016,73.41273626597581,73.25043811774637,73.295523611897,5163300,SHY
2022-12-05,73.19633483886719,73.33158443080238,73.19633483886719,73.3225659569187,6591300,SHY
2022-12-06,73.27747344970703,73.29551039574721,73.22337636974517,73.23239484276526,4237200,SHY
2022-12-07,73.43074798583984,73.43975957830929,73.3495955000673,73.36763244316263,5160400,SHY
2022-12-08,73.3586196899414,73.41271676528784,73.34960121769075,73.38566822761462,4121000,SHY
2022-12-09,73.32254791259766,73.39468192775526,73.32254791259766,73.34959644851219,4623400,SHY
2022-12-12,73.27747344970703,73.36764442174928,73.2504249097261,73.35862594872918,4593800,SHY
2022-12-13,73.493896484375,73.59307907863973,73.47585953319161,73.56602365186465,5790700,SHY
2022-12-14,73.50289154052734,73.59306251799052,73.4217459157062,73.5569955028212,5651700,SHY
2022-12-15,73.51284790039062,73.55803372469764,73.47670061982278,73.54899518095847,6162800,SHY
2022-12-16,73.58512878417969,73.63031460008797,73.45861677290155,73.46765531496072,3987700,SHY
2022-12-19,73.4947509765625,73.55800697095222,73.4947509765625,73.55800697095222,4845600,SHY
2022-12-20,73.4947509765625,73.51282116307972,73.44052662823823,73.45860370914176,3735600,SHY
2022-12-21,73.56707763671875,73.58514783112687,73.53996200352259,73.57610928672815,5219300,SHY
2022-12-22,73.52186584472656,73.60319203242658,73.52186584472656,73.5489745739599,6612800,SHY
2022-12-23,73.48572540283203,73.50379559253777,73.46765521312629,73.47668686078539,2737200,SHY
2022-12-27,73.38632202148438,73.43150783726722,73.34114310008906,73.42246929523314,3969500,SHY
2022-12-28,73.38632202148438,73.42246929523314,73.38632202148438,73.40439910555251,4308900,SHY
2022-12-29,73.4405517578125,73.44959030135703,73.4044113724117,73.43152010865663,4149000,SHY
2022-12-30,73.35016632080078,73.44053104759728,73.34113467419184,73.37727504940106,6051600,SHY
2023-01-03,73.41344451904297,73.46766888702756,73.38633578224507,73.45863034329865,7190500,SHY
2023-01-04,73.48572540283203,73.53994286633679,73.44957812903301,73.52187267663105,4098500,SHY
2023-01-05,73.38632202148438,73.42246929523314,73.33210455805498,73.35921328976967,4879300,SHY
2023-01-06,73.66645812988281,73.6754966723285,73.43151118139741,73.45861991434666,6357400,SHY
2023-01-09,73.73873138427734,73.75680846394792,73.67547539420204,73.67547539420204,6204800,SHY
2023-01-10,73.67546081542969,73.69353789152319,73.63028191396486,73.67546081542969,3993000,SHY
2023-01-11,73.73873138427734,73.74776992411263,73.66643685436675,73.67547539420204,6779700,SHY
2023-01-12,73.90139770507812,73.9104362457788,73.81103298123082,73.86525043666191,5571100,SHY
2023-01-13,73.77490234375,73.8833441734445,73.75683215266162,73.84719689687967,4546500,SHY
2023-01-17,73.82008361816406,73.84719235032166,73.7839363438247,73.79297488600646,5843400,SHY
2023-01-18,73.98274230957031,74.00081249940062,73.94659503552214,73.97370376746137,4551600,SHY
2023-01-19,73.96466064453125,73.99176937479157,73.93755191427091,73.97369918608041,4791800,SHY
2023-01-20,73.90139770507812,73.9104362457788,73.85621879034773,73.89235916437744,4042100,SHY
2023-01-23,73.82909393310547,73.87427973657016,73.81102374835098,73.85620955181567,5559300,SHY
2023-01-24,73.85621643066406,73.88332515751348,73.80199208257893,73.82910080942835,4179100,SHY
2023-01-25,73.90139770507812,73.92850643279367,73.87428897736258,73.88332751806327,3169400,SHY
2023-01-26,73.85621643066406,73.90139534395101,73.84717789025215,73.88332515751348,5417000,SHY
2023-01-27,73.85621643066406,73.85621643066406,73.82006916340274,73.83813934984026,3822700,SHY
2023-01-30,73.78392028808594,73.80199047412964,73.77488174787102,73.80199047412964,6446200,SHY
2023-01-31,73.91948699951172,73.91948699951172,73.82008371854025,73.86526264073515,7241100,SHY
2023-02-01,74.04801940917969,74.04801940917969,73.81262824871368,73.91221655094083,8447400,SHY
2023-02-02,74.05709838867188,74.11141678639915,74.02993228258573,74.10236141770376,10328800,SHY
2023-02-03,73.7854995727539,73.90319174804876,73.7854995727539,73.87603254661326,7167500,SHY
2023-02-06,73.57727813720703,73.67686649499478,73.57727813720703,73.64970728963888,4079000,SHY
2023-02-07,73.61345672607422,73.71304503517632,73.57724216756247,73.63156745894048,4900000,SHY
2023-02-08,73.640625,73.6587357350998,73.59536197669377,73.63157653967173,5112700,SHY
2023-02-09,73.58631896972656,73.68590730783879,73.56821513880742,73.67685193876783,4328600,SHY
2023-02-10,73.55009460449219,73.62252373296745,73.55009460449219,73.61346836510258,5046300,SHY
2023-02-13,73.5682144165039,73.5682144165039,73.52294447881634,73.52294447881634,4934400,SHY
2023-02-14,73.4142837524414,73.50482360682591,73.4142837524414,73.477664413399,7889600,SHY
2023-02-15,73.42333221435547,73.45954677125931,73.40522838951378,73.42333221435547,5025800,SHY
2023-02-16,73.432373046875,73.48669141787,73.40521386137749,73.44142841111386,6081600,SHY
2023-02-17,73.49577331542969,73.49577331542969,73.40524036201425,73.4233441898087,3773700,SHY
2023-02-21,73.35091400146484,73.42334312603646,73.35091400146484,73.4052392985043,6391400,SHY
2023-02-22,73.38713073730469,73.4324006683081,73.36902690923634,73.40524147259474,3889600,SHY
2023-02-23,73.432373046875,73.44142841111386,73.37805467588,73.40521386137749,4072900,SHY
2023-02-24,73.27850341796875,73.32376644759594,73.25134421874792,73.31471798600406,4189600,SHY
2023-02-27,73.34186553955078,73.34186553955078,73.30565097726584,73.33281017217418,3246600,SHY
2023-02-28,73.32376861572266,73.34187935388712,73.26945021567484,73.29660941569875,3978100,SHY
2023-03-01,73.18949127197266,73.28927918323672,73.18041775611282,73.26206555672192,5386100,SHY
2023-03-02,73.21671295166016,73.22578646851801,73.15321217578622,73.17135920950192,6623600,SHY
2023-03-03,73.26207733154297,73.27114392779528,73.18950303512942,73.27114392779528,6045000,SHY
2023-03-06,73.22579193115234,73.29836622929815,73.21671841361761,73.29836622929815,3862300,SHY
2023-03-07,73.07156372070312,73.26206602859843,73.06249020478484,73.25299251268014,6748700,SHY
2023-03-08,73.0352783203125,73.14413282966946,73.00806469297325,73.10784568619549,7627900,SHY
2023-03-09,73.2711410522461,73.28928808617022,73.14413949903953,73.16228653296365,6480300,SHY
2023-03-10,73.6702880859375,73.67936160232564,73.47978576817745,73.56142665247528,10588600,SHY
2023-03-13,74.40508270263672,74.43230325142568,74.10572587660849,74.25086753149111,12061400,SHY
2023-03-14,74.1238784790039,74.21459289372535,73.924302613977,74.0966648466941,18453100,SHY
2023-03-15,74.5593032836914,74.75887911104195,74.39601459959232,74.61373053803614,13411600,SHY
2023-03-16,74.25995635986328,74.6500345868239,74.2236692083941,74.60467391722081,8516600,SHY
2023-03-17,74.63187408447266,74.72259540730968,74.38694450758224,74.39601802407898,8629700,SHY
2023-03-20,74.54116821289062,74.72260395826224,74.46859391474199,74.70445692319208,4907700,SHY
2023-03-21,74.25995635986328,74.38695792947219,74.24180932359546,74.30531702946638,4840900,SHY
2023-03-22,74.60466766357422,74.62281469832088,74.18737583825731,74.2327365040581,8003600,SHY
2023-03-23,74.82238006591797,74.85866028819396,74.60465720587253,74.65909138141635,4930700,SHY
2023-03-24,74.8586654663086,75.05824130795617,74.81331172479395,75.02195416210522,8638700,SHY
2023-03-27,74.54116821289062,74.6500296601136,74.52302809888647,74.59560239703512,3942500,SHY
2023-03-28,74.45953369140625,74.51396095914326,74.43232005753774,74.48674732527476,9564900,SHY
2023-03-29,74.43234252929688,74.47769629241488,74.3779083240591,74.38698184511018,4047500,SHY
2023-03-30,74.44140625,74.44140625,74.35976532690414,74.35976532690414,4077300,SHY
2023-03-31,74.53209686279297,74.53209686279297,74.39602179270958,74.41416190555677,6451500,SHY
2023-04-03,74.62301635742188,74.62301635742188,74.43209573405369,74.45936911792595,9610600,SHY
2023-04-04,74.79573822021484,74.82301853601633,74.55027086809196,74.55027086809196,4905400,SHY
2023-04-05,74.89576721191406,75.10487474351382,74.88668070690873,74.95032092326286,7535500,SHY
2023-04-06,74.86847686767578,74.95030394803457,74.85029692551927,74.9048436882506,4666600,SHY
2023-04-10,74.60485076904297,74.65940448861916,74.59576426266729,74.64121760333896,3702300,SHY
2023-04-11,74.59576416015625,74.64121750076546,74.53212393429182,74.64121750076546,2725400,SHY
2023-04-12,74.67755889892578,74.7321056635833,74.62301213426825,74.7139257207848,6091300,SHY
2023-04-13,74.72301483154297,74.8230218517963,74.70482795353601,74.78665503204402,3350600,SHY
2023-04-14,74.55028533935547,74.59574560492112,74.51391851415549,74.59574560492112,3161000,SHY
2023-04-17,74.44115447998047,74.49570816364525,74.413881106278,74.48661472699115,3293300,SHY
2023-04-18,74.42300415039062,74.49573780003915,74.40481726984719,74.44118409467146,3581200,SHY
2023-04-19,74.3593521118164,74.41389887224412,74.35025867299129,74.39571893085538,5923200,SHY
2023-04-20,74.54119873046875,74.5502921716678,74.4957453970001,74.5139253431349,4592300,SHY
2023-04-21,74.4957275390625,74.62300794028464,74.4866341000433,74.61391450126544,3348200,SHY
2023-04-24,74.57755279541016,74.59573967469566,74.54118597310126,74.54118597310126,1906000,SHY
2023-04-25,74.86847686767578,74.89575024904144,74.70482964322,74.71392308242915,3373400,SHY
2023-04-26,74.777587890625,74.87759494604855,74.72304110994455,74.86850150384711,4804200,SHY
2023-04-27,74.63211059570312,74.71393769206246,74.59575070428025,74.68666430536373,3452200,SHY
2023-04-28,74.71393585205078,74.71393585205078,74.64120219846998,74.69575590678707,4325300,SHY
2023-05-01,74.55078125,74.63279892848608,74.5416735820491,74.63279892848608,3339700,SHY
2023-05-02,74.79685974121094,74.85153358227869,74.56904280020024,74.57815047209733,5394100,SHY
2023-05-03,74.97911071777344,74.9882253421167,74.8241968660443,74.85153378665282,4568800,SHY
2023-05-04,75.09757995605469,75.27071610400084,74.97911069688902,74.97911069688902,8624900,SHY
2023-05-05,74.91531372070312,74.97910217899907,74.87886217990251,74.96998755569379,3375100,SHY
2023-05-08,74.79685974121094,74.87887050281256,74.79685974121094,74.81508203742642,3166700,SHY
2023-05-09,74.77861022949219,74.80594714261846,74.74215869451734,74.79683947318931,4479100,SHY
2023-05-10,74.96089172363281,75.00645094251351,74.8697663334498,74.88798863051775,4931800,SHY
2023-05-11,75.00645446777344,75.11580911258564,74.98823216984904,75.10669448741247,7866500,SHY
2023-05-12,74.87889099121094,75.0064679568909,74.8697833168218,74.98824565568941,8635100,SHY
2023-05-15,74.88797760009766,74.89709222349993,74.86064068231143,74.87886297669537,3605100,SHY
2023-05-16,74.79685974121094,74.85153358227869,74.74217894772188,74.83331128606319,6905300,SHY
2023-05-17,74.7148208618164,74.78772393086881,74.67836932729021,74.77860930913242,4660300,SHY
2023-05-18,74.57814025878906,74.65104333850968,74.55991796506908,74.62370642171953,4385700,SHY
2023-05-19,74.52348327636719,74.66928946877795,74.46880943042412,74.52348327636719,5650300,SHY
2023-05-22,74.4961166381836,74.59635661737651,74.47789434761177,74.54168279324189,4024300,SHY
2023-05-23,74.48703002929688,74.51436695164489,74.41413388717609,74.4505784820256,8964000,SHY
2023-05-24,74.39588928222656,74.50524390146988,74.37766698856284,74.49612927842786,5761400,SHY
2023-05-25,74.23188018798828,74.37768638500316,74.22276556256932,74.33212021033047,7552600,SHY
2023-05-26,74.21363830566406,74.22274597625751,74.11339830977376,74.18630138904312,3728700,SHY
2023-05-30,74.35945892333984,74.36857354897812,74.213659675239,74.24099659973152,4441800,SHY
2023-05-31,74.43236541748047,74.46881696927333,74.35034768784088,74.3959138656876,7230400,SHY
2023-06-01,74.54834747314453,74.57575048020333,74.48440480026446,74.49354145902694,5119300,SHY
2023-06-02,74.3382568359375,74.4752788601807,74.30171716485734,74.46614220010323,9465300,SHY
2023-06-05,74.35652923583984,74.43873826783053,74.24691022395604,74.2743132346196,5934100,SHY
2023-06-06,74.31998443603516,74.37479045357985,74.2925814272628,74.35652410414131,4313400,SHY
2023-06-07,74.26519012451172,74.33826250301296,74.21951378987202,74.31085948992123,6869400,SHY
2023-06-08,74.3839111328125,74.42045079306874,74.33823481518529,74.36564478729817,4306300,SHY
2023-06-09,74.24689483642578,74.31083750446528,74.24689483642578,74.31083750446528,4022200,SHY
2023-06-12,74.31084442138672,74.31084442138672,74.24690174739537,74.30170776246545,3824300,SHY
2023-06-13,74.1738510131836,74.39308909645156,74.14644799508297,74.39308909645156,4872200,SHY
2023-06-14,74.12815856933594,74.27431027679793,74.027676221418,74.25604392682617,6175900,SHY
2023-06-15,74.28343200683594,74.29256866460017,74.21948934094209,74.25602900277113,6384600,SHY
2023-06-16,74.1829833984375,74.21038641495814,74.10077434887556,74.15558038191685,5079900,SHY
2023-06-20,74.2103500366211,74.2651630120238,74.19208369097196,74.19208369097196,4787500,SHY
2023-06-21,74.2103500366211,74.24688969714703,74.15554403044602,74.16468068788441,20688500,SHY
2023-06-22,74.12815856933594,74.22864091725387,74.11902190973541,74.19210124808106,4198700,SHY
2023-06-23,74.19210815429688,74.29259051156828,74.16470514217376,74.26518749944515,3892900,SHY
2023-06-26,74.24689483642578,74.26516815256743,74.20122548452792,74.2560314944966,3101500,SHY
2023-06-27,74.13729858398438,74.2743136380464,74.11902526395637,74.23777396722,3574100,SHY
2023-06-28,74.21949768066406,74.21949768066406,74.12815200044129,74.17382135593834,4298900,SHY
2023-06-29,74.03681945800781,74.05508580960225,74.0094094767713,74.04594914919008,4646400,SHY
2023-06-30,74.0642318725586,74.07336156489988,74.01855553392897,74.0642318725586,6958700,SHY
2023-07-03,73.97811889648438,74.09717703987583,73.9689589653819,74.01475163391403,3600000,SHY
2023-07-05,73.95983123779297,74.03308975064945,73.95067130356742,74.02393680340654,6037200,SHY
2023-07-06,73.91402435302734,73.92318428549305,73.76750036848243,73.84991879972995,8592000,SHY
2023-07-07,73.99644470214844,74.0605502510543,73.95981196177641,73.96896490663381,3944100,SHY
2023-07-10,74.1063461303711,74.1246659965676,74.02392769343213,74.03308063954861,2858000,SHY
2023-07-11,74.09717559814453,74.12464840393717,74.07885573629603,74.09717559814453,3658500,SHY
2023-07-12,74.31697082519531,74.34444363312971,74.2711781539842,74.28949801726091,5068800,SHY
2023-07-13,74.5276107788086,74.5276107788086,74.4360324105449,74.4726651552467,4954800,SHY
2023-07-14,74.33529663085938,74.45435480192417,74.33529663085938,74.42687500222947,4248900,SHY
2023-07-17,74.3627700805664,74.39024988049651,74.33529726761824,74.37193001387644,4027500,SHY
2023-07-18,74.3627700805664,74.463508386031,74.3536171342383,74.43603557308282,2590600,SHY
2023-07-19,74.3902587890625,74.42688455272487,74.35362603841736,74.40857167089369,7015800,SHY
2023-07-20,74.29866027832031,74.31698014389417,74.24371465556179,74.29866027832031,8745700,SHY
2023-07-21,74.3078384399414,74.3261583100094,74.27120568678865,74.3078384399414,3891900,SHY
2023-07-24,74.21624755859375,74.33529874606427,74.21624755859375,74.3169858660619,4127300,SHY
2023-07-25,74.20708465576172,74.2162445888874,74.17045191024076,74.18877177649213,3275700,SHY
2023-07-26,74.28033447265625,74.30780727925439,74.17043625928338,74.23454180367247,4339700,SHY
2023-07-27,74.17044830322266,74.26202666908057,74.16129535752388,74.24371379070156,5591500,SHY
2023-07-28,74.27117156982422,74.28949143147686,74.22538588965267,74.2528586951516,6008600,SHY
2023-07-31,74.28950500488281,74.31697781540129,74.2528722618644,74.2528722618644,4066700,SHY
2023-08-01,74.2270736694336,74.29135421183325,74.2178967393395,74.25462547558637,4957400,SHY
2023-08-02,74.2637939453125,74.2821618139885,74.19952041552524,74.2637939453125,4046400,SHY
2023-08-03,74.29136657714844,74.31891138259572,74.24545389787544,74.27299870332271,4109400,SHY
2023-08-04,74.43824768066406,74.45660854257306,74.3739741560494,74.3739741560494,3590400,SHY
2023-08-07,74.4657974243164,74.4841652927347,74.42906869276905,74.43825262697821,10383600,SHY
2023-08-08,74.50252532958984,74.52089319780444,74.46579659844984,74.48416446666442,3017000,SHY
2023-08-09,74.45661163330078,74.52089216587254,74.44743470460973,74.49334036393219,3198100,SHY
2023-08-10,74.41988372802734,74.53924683870052,74.41988372802734,74.49333417790164,3867900,SHY
2023-08-11,74.34644317626953,74.40153277752255,74.33725924096399,74.35562711157506,3596100,SHY
2023-08-14,74.28217315673828,74.32807882485926,74.27298922099791,74.30053402292859,3217200,SHY
2023-08-15,74.30972290039062,74.37399644426662,74.2913620329793,74.30972290039062,4782100,SHY
2023-08-16,74.27297973632812,74.3647980661353,74.27297973632812,74.33725326772209,3794300,SHY
2023-08-17,74.3556137084961,74.37397457050741,74.29134018352326,74.3556137084961,6059400,SHY
2023-08-18,74.3831558227539,74.41988455074134,74.3647879561159,74.3831558227539,3090600,SHY
2023-08-21,74.30052947998047,74.34644215058464,74.30052947998047,74.3372582154058,2642200,SHY
2023-08-22,74.2637939453125,74.30970661171312,74.2637939453125,74.29134574832648,2734400,SHY
2023-08-23,74.4015121459961,74.42905693898443,74.35560649277824,74.35560649277824,5509000,SHY
2023-08-24,74.3556137084961,74.41070329981886,74.34642977484603,74.34642977484603,3653100,SHY
2023-08-25,74.30972290039062,74.37399644426662,74.26381022392596,74.32808376780196,4682300,SHY
2023-08-28,74.3556137084961,74.3556137084961,74.29134018352326,74.31888497918465,2798300,SHY
2023-08-29,74.52088928222656,74.52088928222656,74.3188847742151,74.3188847742151,5272000,SHY
2023-08-30,74.52088928222656,74.57597887339739,74.51170534860182,74.56679493977265,4512400,SHY
2023-08-31,74.5943374633789,74.60352139672392,74.53006394054096,74.55760873528743,3948700,SHY
2023-09-01,74.5538330078125,74.68270683658581,74.54463275082651,74.68270683658581,4157300,SHY
2023-09-05,74.46179962158203,74.54465111654683,74.45259233923068,74.52623655184414,4130000,SHY
2023-09-06,74.37893676757812,74.48939603610056,74.36972948750228,74.48939603610056,5001100,SHY
2023-09-07,74.51701354980469,74.51701354980469,74.44337637582397,74.45257663313582,3130700,SHY
2023-09-08,74.480224609375,74.56306909283477,74.480224609375,74.5446615486547,3581600,SHY
2023-09-11,74.49861907958984,74.49861907958984,74.47100425661613,74.48021153864016,2750500,SHY
2023-09-12,74.46179962158203,74.48021418628473,74.45259233923068,74.48021418628473,3358400,SHY
2023-09-13,74.52622985839844,74.54464442144726,74.47100021544803,74.47100021544803,3489500,SHY
2023-09-14,74.5078353881836,74.57227232396157,74.49862810504409,74.56306504082207,3349300,SHY
2023-09-15,74.47100830078125,74.52623794972796,74.47100830078125,74.48941584273055,4055900,SHY
2023-09-18,74.46179962158203,74.48021418628473,74.443392079978,74.46179962158203,2676700,SHY
2023-09-19,74.40657043457031,74.46180008282319,74.40657043457031,74.44339254110514,3162800,SHY
2023-09-20,74.36052703857422,74.4986081562952,74.35131975790019,74.48020061804452,3583600,SHY
2023-09-21,74.3973617553711,74.42497657897907,74.36974693176312,74.36974693176312,5170800,SHY
2023-09-22,74.47100830078125,74.49862312525461,74.4249789112598,74.43418619378386,3908000,SHY
2023-09-25,74.44338989257812,74.4802119978029,74.44338989257812,74.45259015156047,3439100,SHY
2023-09-26,74.45259094238281,74.47100550674003,74.42497611894554,74.46179822456142,14216300,SHY
2023-09-27,74.3973617553711,74.4802132492936,74.3605396495276,74.4802132492936,5777600,SHY
2023-09-28,74.52622985839844,74.52622985839844,74.43417811244842,74.46179293392362,4522600,SHY
2023-09-29,74.53543853759766,74.59987546328078,74.53543853759766,74.58146089988665,6015100,SHY
2023-10-02,74.46065521240234,74.49757259425652,74.45142410662113,74.46988631818354,5671000,SHY
2023-10-03,74.4052963256836,74.50681738411052,74.4052963256836,74.47912406168071,6707600,SHY
2023-10-04,74.57141876220703,74.57141876220703,74.4606665997071,74.49758398720708,5927000,SHY
2023-10-05,74.645263671875,74.654494781192,74.62680849451431,74.645263671875,4665400,SHY
2023-10-06,74.58063507080078,74.58986617703354,74.52526251594611,74.54371768714067,3456700,SHY
2023-10-09,74.8021469116211,74.8021469116211,74.7098499225333,74.7098499225333,4119300,SHY
2023-10-10,74.75601196289062,74.78369824812506,74.70063939242175,74.7190945688204,5135700,SHY
2023-10-11,74.73754119873047,74.73754119873047,74.68216159853898,74.70984787799898,3131500,SHY
2023-10-12,74.645263671875,74.6821810678697,74.6360396038313,74.67295699982601,5362000,SHY
2023-10-13,74.69140625,74.71909253448064,74.67295107410384,74.71909253448064,3506100,SHY
2023-10-16,74.645263671875,74.66372589050901,74.6360396038313,74.66372589050901,2967800,SHY
2023-10-17,74.4791259765625,74.5437296480159,74.46067080240671,74.5437296480159,4245000,SHY
2023-10-18,74.4791259765625,74.52527447386011,74.45143969469278,74.49758819199037,5232700,SHY
2023-10-19,74.58063507080078,74.58986617703354,74.488345132286,74.49757623851876,5556600,SHY
2023-10-20,74.7006607055664,74.72834699870013,74.65451218949356,74.65451218949356,3660500,SHY
2023-10-23,74.74676513671875,74.74676513671875,74.66370629848059,74.68216147099858,4261800,SHY
2023-10-24,74.72832489013672,74.74678006634086,74.67295232025138,74.7190937813982,13761400,SHY
2023-10-25,74.645263671875,74.70064328650372,74.6360396038313,74.6914121771867,4773400,SHY
2023-10-26,74.79290771484375,74.8113628859022,74.71907294806816,74.71907294806816,4710800,SHY
2023-10-27,74.83906555175781,74.84829665994395,74.79292409337197,74.82061037665797,3858100,SHY
2023-10-30,74.81138610839844,74.82061721742858,74.76524464579393,74.78369982258111,4816700,SHY
2023-10-31,74.78368377685547,74.80214599095447,74.76522860402807,74.76522860402807,3917400,SHY
2023-11-01,74.9502944946289,74.97805958785655,74.78369687394736,74.78369687394736,7362900,SHY
2023-11-02,74.95953369140625,75.04283602003972,74.93176860229997,75.02432125309245,7828400,SHY
2023-11-03,75.16316986083984,75.20019234135044,75.0706171902214,75.13540476578592,8024300,SHY
2023-11-06,75.02433776855469,75.08912534450289,75.02433776855469,75.08912534450289,6061400,SHY
2023-11-07,75.07986450195312,75.11688697749629,75.03358464219536,75.04284202640996,4546600,SHY
2023-11-08,75.06134796142578,75.0983704360949,75.06134796142578,75.07060534542182,4422000,SHY
2023-11-09,74.9502944946289,75.08911996076712,74.9502944946289,75.07986963723502,6032900,SHY
2023-11-10,74.96880340576172,75.03359097810419,74.93178092709233,75.03359097810419,3916100,SHY
2023-11-13,74.99656677246094,74.99656677246094,74.91327149335973,74.93177920161035,7360300,SHY
2023-11-14,75.29273986816406,75.29273986816406,75.20944458869283,75.24646706667416,7956500,SHY
2023-11-15,75.1539077758789,75.20018763895223,75.1261426825612,75.19093025407443,5069400,SHY
2023-11-16,75.28348541259766,75.3205078920195,75.27423508872914,75.27423508872914,4086500,SHY
2023-11-17,75.22793579101562,75.27421564366678,75.20942808674363,75.26495826087373,3381800,SHY
2023-11-20,75.2372055053711,75.24646288968145,75.21869073675037,75.2372055053711,6247300,SHY
2023-11-21,75.28348541259766,75.3205078920195,75.26497770354469,75.28348541259766,2590400,SHY
2023-11-22,75.29273986816406,75.32050496132113,75.24646706667416,75.32050496132113,4803300,SHY
2023-11-24,75.2372055053711,75.26497059698691,75.22794812106073,75.25571321267655,1575200,SHY
2023-11-27,75.32976531982422,75.3390227050139,75.2649777461283,75.27423513131798,4004100,SHY
2023-11-28,75.46858978271484,75.4870974897993,75.32975726497838,75.34827203337801,20921000,SHY
2023-11-29,75.6166763305664,75.65369880786557,75.57040352992911,75.58891123792093,4423100,SHY
2023-11-30,75.57038879394531,75.59815388117669,75.53336632386541,75.58889649832818,5204200,SHY
2023-12-01,75.79041290283203,75.79969837613537,75.57689659604132,75.58617498660378,11831100,SHY
2023-12-04,75.67902374267578,75.73472951099582,75.64189600745217,75.68830921785285,4431100,SHY
2023-12-05,75.7718734741211,75.79972282027119,75.6976038292254,75.71616769907774,12180000,SHY
2023-12-06,75.75328063964844,75.79041545136963,75.74399516603286,75.79041545136963,6794600,SHY
2023-12-07,75.80897521972656,75.84610294323173,75.79968974748023,75.80897521972656,4977800,SHY
2023-12-08,75.64188385009766,75.71614639135151,75.61402742904363,75.6697331884105,3367800,SHY
2023-12-11,75.66045379638672,75.66045379638672,75.57690577473252,75.60475511528392,2963900,SHY
2023-12-12,75.66973876953125,75.68830263552863,75.6326039547948,75.64188942916434,3268600,SHY
2023-12-13,76.05035400390625,76.06892495161436,75.69758390760633,75.7254332464272,10843800,SHY
2023-12-14,76.18074798583984,76.23662400931755,76.1434949350904,76.16211790781867,9304300,SHY
2023-12-15,76.09690856933594,76.16209961616747,76.06897056430688,76.124846574365,7178300,SHY
2023-12-18,76.08759307861328,76.1248461201935,76.0782851471866,76.11553818876682,3760500,SHY
2023-12-19,76.11555480957031,76.1341777817814,76.0876096933146,76.0876096933146,5159300,SHY
2023-12-20,76.21797943115234,76.23660950562922,76.15278838106637,76.19004142472858,5164000,SHY
2023-12-21,76.29249572753906,76.34837885315615,76.26455771737679,76.3390638146712,6662900,SHY
2023-12-22,76.32044219970703,76.32975723922476,76.2831962522227,76.32044219970703,3387900,SHY
2023-12-26,76.2831802368164,76.32042617648108,76.26455016169227,76.27386519925433,2503100,SHY
2023-12-27,76.37632751464844,76.39495048892293,76.32044438123798,76.32975942102198,2584700,SHY
2023-12-28,76.36701202392578,76.40426507754827,76.35769698419679,76.39495003781929,2408600,SHY
2023-12-29,76.40426635742188,76.43220437178337,76.34839032869886,76.34839032869886,5075600,SHY
2024-01-02,76.31114196777344,76.33907998385321,76.30182692731552,76.31114196777344,4983500,SHY
2024-01-03,76.32975006103516,76.35768807166771,76.25524396248657,76.28318907841177,4336500,SHY
2024-01-04,76.2831802368164,76.31111824421082,76.26455016169227,76.2831802368164,2923700,SHY
2024-01-05,76.26457214355469,76.38563924558976,76.21800404761373,76.23663412810765,8105400,SHY
2024-01-08,76.32975006103516,76.41357119822547,76.29249701176086,76.30181205040259,4654900,SHY
2024-01-09,76.348388671875,76.35769660626445,76.3111356184369,76.32044355282635,5227400,SHY
2024-01-10,76.348388671875,76.39494965970258,76.33907363219211,76.39494965970258,6432200,SHY
2024-01-11,76.52532196044922,76.5346369989351,76.40425488130276,76.40425488130276,4904100,SHY
2024-01-12,76.68364715576172,76.71159227306609,76.6370861708404,76.67433922195325,6809700,SHY
2024-01-16,76.56256866455078,76.6650127635287,76.5346306567008,76.61844468025076,8427200,SHY
2024-01-17,76.41357421875,76.44151223048691,76.38562910172017,76.44151223048691,6717400,SHY
2024-01-18,76.45081329345703,76.4694433698026,76.42287528423094,76.46012833162982,4490300,SHY
2024-01-19,76.39492797851562,76.42286598434194,76.35767493565008,76.39492797851562,5469300,SHY
2024-01-22,76.43219757080078,76.45082054362018,76.4135745979814,76.4228825317446,4607400,SHY
2024-01-23,76.42288970947266,76.43220474940371,76.38563665504206,76.40426673490417,3355600,SHY
2024-01-24,76.38562774658203,76.51601697452928,76.38562774658203,76.50670193568459,4708300,SHY
2024-01-25,76.52532196044922,76.543952037421,76.46944594011893,76.47876097860481,5493200,SHY
2024-01-26,76.47876739501953,76.49739036826122,76.46013731648473,76.49739036826122,4654800,SHY
2024-01-29,76.55326080322266,76.56257584180985,76.51601485945905,76.51601485945905,3344700,SHY
2024-01-30,76.50670623779297,76.58121234215449,76.46013814624372,76.571897302786,2345800,SHY
2024-01-31,76.64641571044922,76.7302297623399,76.57190959412796,76.618470587858,7413100,SHY
2024-02-01,76.7603530883789,76.83507891919747,76.69496976797451,76.7603530883789,8288100,SHY
2024-02-02,76.51748657226562,76.56419199129603,76.47078827948164,76.52682908132098,8260700,SHY
2024-02-05,76.3680419921875,76.44276068582617,76.3680419921875,76.43342530302534,5968500,SHY
2024-02-06,76.4894790649414,76.5174994705844,76.40541784801245,76.40541784801245,3603400,SHY
2024-02-07,76.46146392822266,76.54552515094424,76.45212141694867,76.47080643949666,3044100,SHY
2024-02-08,76.44275665283203,76.48011956080337,76.43342127052372,76.46144166994071,2233400,SHY
2024-02-09,76.41474151611328,76.42408402531105,76.39606362396428,76.39606362396428,2523900,SHY
2024-02-12,76.42410278320312,76.45212319142735,76.41476027171228,76.44278067993652,2730500,SHY
2024-02-13,76.18122863769531,76.28397486008771,76.17189325474803,76.26529696794661,5284900,SHY
2024-02-14,76.29332733154297,76.32134773653675,76.22794401114166,76.2372865215554,5431500,SHY
2024-02-15,76.3680419921875,76.40540490213004,76.33067908224496,76.38671988403556,3772500,SHY
2024-02-16,76.2746353149414,76.2746353149414,76.2185873890835,76.2279298977675,7850200,SHY
2024-02-20,76.32135009765625,76.37739090937752,76.32135009765625,76.34937050351688,6172800,SHY
2024-02-21,76.25594329833984,76.35868950569485,76.25594329833984,76.35868950569485,8590400,SHY
2024-02-22,76.24661254882812,76.302660478185,76.21859214727297,76.25595505809537,15501400,SHY
2024-02-23,76.28397369384766,76.29331620289864,76.22793289203457,76.23727540108555,3869300,SHY
2024-02-26,76.22795104980469,76.2746564799386,76.20926602725187,76.2653139686622,4547200,SHY
2024-02-27,76.22795104980469,76.2653139686622,76.20926602725187,76.24662894610938,3432400,SHY
2024-02-28,76.30268096923828,76.31201635476596,76.2653180483821,76.27466056015827,3239500,SHY
2024-02-29,76.34938049316406,76.38674341461608,76.33070259556236,76.34938049316406,8833900,SHY
2024-03-01,76.499267578125,76.51800047648403,76.3400057795235,76.38684874627099,4883100,SHY
2024-03-04,76.42430877685547,76.46178171447502,76.39620586044882,76.43367165083632,2416300,SHY
2024-03-05,76.48052215576172,76.52736511921603,76.45241923658224,76.48052215576172,4102800,SHY
2024-03-06,76.499267578125,76.55547342043538,76.4805275325327,76.52737049928018,5338700,SHY
2024-03-07,76.59295654296875,76.59295654296875,76.53674354595486,76.5648536180789,2987700,SHY
2024-03-08,76.63040924072266,76.68661507564877,76.6116691975924,76.67724505408366,2387700,SHY
2024-03-11,76.5648422241211,76.60230802024263,76.55547220147415,76.59294514482882,3509600,SHY
2024-03-12,76.48989868164062,76.53673450184452,76.4805286587065,76.52737162614376,2260900,SHY
2024-03-13,76.4524154663086,76.49925842745283,76.4524154663086,76.4898884057775,2223300,SHY
2024-03-14,76.38683319091797,76.4336690008946,76.38683319091797,76.42430612723835,4085000,SHY
2024-03-15,76.34000396728516,76.37747691034691,76.34000396728516,76.35874401243258,3045500,SHY
2024-03-18,76.34938049316406,76.35875051653589,76.32127757028225,76.35875051653589,1971600,SHY
2024-03-19,76.41494750976562,76.42431753205196,76.38684459013949,76.40557748747929,1821700,SHY
2024-03-20,76.53672790527344,76.54609792739997,76.41494620655945,76.424316228686,4769000,SHY
2024-03-21,76.53672790527344,76.57420084654683,76.52736503037964,76.5554679495265,3708500,SHY
2024-03-22,76.59295654296875,76.61168944381724,76.59295654296875,76.59295654296875,2038000,SHY
2024-03-25,76.55546569824219,76.59293863841361,76.55546569824219,76.58356861656262,3700600,SHY
2024-03-26,76.57420349121094,76.5835735136611,76.53673054864333,76.55547059354363,2183300,SHY
2024-03-27,76.65850830078125,76.67724119573656,76.63040538473231,76.63040538473231,2585300,SHY
2024-03-28,76.61167907714844,76.62104909992188,76.57420613328787,76.60230905437498,5702800,SHY
2024-04-01,76.4518814086914,76.59286861528014,76.4518814086914,76.58347472683951,4661800,SHY
2024-04-02,76.48948669433594,76.508288815052,76.44249573436177,76.45188962381181,3485000,SHY
2024-04-03,76.5458755493164,76.5458755493164,76.44248541206318,76.46128035933332,2904100,SHY
2024-04-04,76.62106323242188,76.63046429159917,76.54587627172478,76.56467121917228,2806000,SHY
2024-04-05,76.49888610839844,76.57408024782848,76.48948504824273,76.53648317811346,3967100,SHY
2024-04-08,76.4236831665039,76.4800823500343,76.4236831665039,76.4612802318885,3335800,SHY
2024-04-09,76.49888610839844,76.52708211795775,76.48948504824273,76.48948504824273,2680500,SHY
2024-04-10,76.18870544433594,76.27330063257726,76.17931155634778,76.25449851478724,6329400,SHY
2024-04-11,76.28271484375,76.2921087333578,76.22631565156277,76.2921087333578,6686500,SHY
2024-04-12,76.32969665527344,76.37669478131137,76.32969665527344,76.33909771466247,5387500,SHY
2024-04-15,76.30150604248047,76.30150604248047,76.19811589461321,76.2357129639202,4841300,SHY
2024-04-16,76.2545166015625,76.28271978493702,76.19812457663059,76.24512271134623,3062800,SHY
2024-04-17,76.3109130859375,76.3391090974016,76.2733160136826,76.2827170744734,3598900,SHY
2024-04-18,76.2733154296875,76.32970745218392,76.26391436896868,76.32970745218392,3279600,SHY
2024-04-19,76.2920913696289,76.32028737385119,76.28269748215912,76.32028737385119,2938200,SHY
2024-04-22,76.32969665527344,76.3484987740515,76.30150064801359,76.30150064801359,4174300,SHY
2024-04-23,76.39550018310547,76.4143023044564,76.30151108907543,76.3109121497509,3619000,SHY
2024-04-24,76.36729431152344,76.37669537098505,76.33909830404589,76.35789325206183,4299800,SHY
2024-04-25,76.3109130859375,76.3297080366108,76.2827170744734,76.30151202514669,4224200,SHY
2024-04-26,76.32969665527344,76.36729372192234,76.3202955958844,76.33909771466247,3071500,SHY
2024-04-29,76.36729431152344,76.37669537098505,76.3484993635075,76.35789325206183,2259600,SHY
2024-04-30,76.2733154296875,76.33910851290274,76.2733154296875,76.31091250165453,6420900,SHY
2024-05-01,76.42606353759766,76.45435087290015,76.29405117676328,76.33176282774387,8032700,SHY
2024-05-02,76.53921508789062,76.54864659797504,76.44492156944943,76.45435307953385,3750700,SHY
2024-05-03,76.66180419921875,76.74666620875183,76.62408535249259,76.70894736202567,4960200,SHY
2024-05-06,76.65238189697266,76.67123772553362,76.63351887427642,76.67123772553362,2960700,SHY
2024-05-07,76.66180419921875,76.69009153572978,76.64294117878846,76.67122851529949,2706200,SHY
2024-05-08,76.64293670654297,76.67122404140338,76.64293670654297,76.64293670654297,2308800,SHY
2024-05-09,76.7089614868164,76.72782451072004,76.69010565704852,76.69010565704852,2160200,SHY
2024-05-10,76.64293670654297,76.6995113762638,76.64293670654297,76.6995113762638,1866100,SHY
2024-05-13,76.66180419921875,76.70894736202567,76.66180419921875,76.70894736202567,2442600,SHY
2024-05-14,76.73724365234375,76.73724365234375,76.70895631253211,76.71838782384773,2319500,SHY
2024-05-15,76.87867736816406,76.87867736816406,76.82210269603027,76.8409585220301,3248400,SHY
2024-05-16,76.82211303710938,76.86925620552206,76.81268152577273,76.85983188832068,2978300,SHY
2024-05-17,76.77495574951172,76.82210610780676,76.77495574951172,76.81267459732082,2758000,SHY
2024-05-20,76.756103515625,76.7843908542723,76.756103515625,76.7843908542723,2445200,SHY
2024-05-21,76.79381561279297,76.81267143885488,76.79381561279297,76.79381561279297,1991300,SHY
2024-05-22,76.73724365234375,76.774962503471,76.73724365234375,76.756106674975,3051100,SHY
2024-05-23,76.69953155517578,76.78440077621929,76.69010723716552,76.78440077621929,3473500,SHY
2024-05-24,76.7278060913086,76.7278060913086,76.69008724669192,76.69951156224558,3041000,SHY
2024-05-28,76.66180419921875,76.76552922918214,76.66180419921875,76.75609771896698,2889800,SHY
2024-05-29,76.63351440429688,76.68066476415194,76.61465857683577,76.68066476415194,2441700,SHY
2024-05-30,76.7183837890625,76.72781529988211,76.69009645073857,76.6995207674233,3711400,SHY
2024-05-31,76.82211303710938,76.83154454844602,76.76553835736003,76.77496267456141,2923000,SHY
2024-06-03,76.90913391113281,76.90913391113281,76.82399089867732,76.82399089867732,5533700,SHY
2024-06-04,76.98480987548828,77.01319569198027,76.94696933751027,76.95643127634094,2133300,SHY
2024-06-05,77.06050109863281,77.06050109863281,76.95644140982706,77.01320583294104,2577600,SHY
2024-06-06,77.0699691772461,77.07943111807633,77.04159057210158,77.05104529558564,3346500,SHY
2024-06-07,76.87128448486328,76.94695833265187,76.87128448486328,76.94695833265187,3524300,SHY
2024-06-10,76.8807601928711,76.89968407299203,76.87130547015622,76.8807601928711,2952900,SHY
2024-06-11,76.96590423583984,76.97536617602536,76.90914702941815,76.937525632629,3755800,SHY
2024-06-12,77.0699691772461,77.20240747948459,77.0699691772461,77.19294553865437,3409200,SHY
2024-06-13,77.19293975830078,77.22131836132024,77.14564449238354,77.1645611552813,2473800,SHY
2024-06-14,77.20238494873047,77.24022548366182,77.20238494873047,77.23076354559296,2854900,SHY
2024-06-17,77.12671661376953,77.17401909458016,77.12671661376953,77.15509521531781,1272200,SHY
2024-06-18,77.23078918457031,77.26862973206391,77.20241057828672,77.21187251949674,2182800,SHY
2024-06-20,77.20238494873047,77.21184688679932,77.16454441379912,77.18346107259276,2618200,SHY
2024-06-21,77.23078918457031,77.27809167327393,77.21187251949674,77.25916779085391,2020500,SHY
2024-06-24,77.24024200439453,77.24970394448718,77.22131812420923,77.24024200439453,1576500,SHY
2024-06-25,77.24969482421875,77.25914954584954,77.2213090072921,77.24969482421875,2618100,SHY
2024-06-26,77.17401123046875,77.21185176779221,77.17401123046875,77.20238982912522,2329000,SHY
2024-06-27,77.23078918457031,77.25916779085391,77.21187251949674,77.22132724336029,1675800,SHY
2024-06-28,77.24024200439453,77.33483975328417,77.23078006430188,77.31592309044449,3894800,SHY
2024-07-01,77.17378997802734,77.22124939421829,77.15481055632512,77.18328330952359,3672100,SHY
2024-07-02,77.24022674560547,77.27819282928255,77.23074065565372,77.25921340808902,2468800,SHY
2024-07-03,77.35411834716797,77.37309776673,77.26870009720474,77.26870009720474,1772800,SHY
2024-07-05,77.49650573730469,77.49650573730469,77.43006689284447,77.43955298398811,2171900,SHY
2024-07-08,77.48702239990234,77.48702239990234,77.45854964021683,77.4775290662432,2236000,SHY
2024-07-09,77.468017578125,77.4964903284765,77.43953758648398,77.47750366738249,7304200,SHY
2024-07-10,77.49650573730469,77.51548516088292,77.47751907243551,77.51548516088292,2505700,SHY
2024-07-11,77.67683410644531,77.695820770948,77.6483613509821,77.66734801548479,5810700,SHY
2024-07-12,77.79071807861328,77.79071807861328,77.71478591713371,77.72427924764102,3170300,SHY
2024-07-15,77.79071807861328,77.81919082884575,77.76224532838081,77.78122474810597,3380600,SHY
2024-07-16,77.8191909790039,77.82868430952954,77.76224547842908,77.78122489819086,2562400,SHY
2024-07-17,77.82869720458984,77.82869720458984,77.76225836248146,77.77175169458,2701000,SHY
2024-07-18,77.79071807861328,77.83817748986039,77.78122474810597,77.81919082884575,3111100,SHY
2024-07-19,77.75276947021484,77.78124222684562,77.75276947021484,77.7717561354961,2041700,SHY
2024-07-22,77.76226043701172,77.76226043701172,77.7242943488954,77.75276710465992,2429500,SHY
2024-07-23,77.80023193359375,77.82870469133762,77.77175917584988,77.790738600582,2133400,SHY
2024-07-24,77.83818817138672,77.91411310199578,77.83818817138672,77.88564034785607,4871200,SHY
2024-07-25,77.8476791381836,77.91411798243472,77.82869971466509,77.86666580299301,4907000,SHY
2024-07-26,77.95208740234375,77.96158073515419,77.93310797801409,77.95208740234375,1591000,SHY
2024-07-29,77.96157836914062,77.9805650341853,77.93310561286462,77.97107170166296,4588200,SHY
2024-07-30,77.99004364013672,78.01851639367997,77.9425914646614,77.98055754981586,3108100,SHY
2024-07-31,78.1513900756836,78.1513900756836,77.971060232032,78.0374990673331,3403900,SHY
2024-08-01,78.28662872314453,78.30567831648435,78.172352958979,78.18187775564891,5052500,SHY
2024-08-02,78.72465515136719,78.74370473992316,78.58181229835462,78.6008618869106,5001400,SHY
2024-08-05,78.70562744140625,78.95322128157959,78.63896839966235,78.91512936268441,15588100,SHY
2024-08-06,78.61039733886719,78.68657390755088,78.53421350489322,78.68657390755088,12849200,SHY
2024-08-07,78.56277465820312,78.61039136714217,78.50564041970806,78.55324986335737,5778900,SHY
2024-08-08,78.5246810913086,78.53420588595387,78.45802205937082,78.46754685401609,3622000,SHY
2024-08-09,78.54375457763672,78.59136403476917,78.50566265275567,78.58183923722596,5079400,SHY
2024-08-12,78.59133911132812,78.6103887003734,78.515155285726,78.52468008024863,3745600,SHY
2024-08-13,78.71516418457031,78.71516418457031,78.66754746240157,78.68658979209401,3856100,SHY
2024-08-14,78.70562744140625,78.74371936030143,78.65801072646461,78.66753552251107,4780700,SHY
2024-08-15,78.51515197753906,78.55324388873515,78.48658486046429,78.52467677166038,3164700,SHY
2024-08-16,78.60087585449219,78.60087585449219,78.52469201730884,78.60087585449219,2987100,SHY
2024-08-19,78.58182525634766,78.62944197030019,78.58182525634766,78.58182525634766,2839700,SHY
2024-08-20,78.69610595703125,78.69610595703125,78.64848924008582,78.66753883298038,1882600,SHY
2024-08-21,78.78180694580078,78.8484659838781,78.68657352115582,78.75323255923314,3914500,SHY
2024-08-22,78.67705535888672,78.74371439642854,78.67705535888672,78.73418960098252,4181300,SHY
2024-08-23,78.85797882080078,78.85797882080078,78.70561842795918,78.74371034249204,3896800,SHY
2024-08-26,78.81989288330078,78.88655192246569,78.81989288330078,78.88655192246569,1896600,SHY
2024-08-27,78.86750793457031,78.8865502602346,78.81037369228724,78.81037369228724,4067400,SHY
2024-08-28,78.85797882080078,78.9055955302893,78.85797882080078,78.88654594037797,3126600,SHY
2024-08-29,78.84846496582031,78.85798249592972,78.82941537502117,78.85798249592972,2397100,SHY
2024-08-30,78.84846496582031,78.89607441223782,78.83894017042074,78.86750729132928,2781300,SHY
2024-09-03,78.93255615234375,78.9707810260645,78.90388931971549,78.90388931971549,3718600,SHY
2024-09-04,79.10456848144531,79.11412652302627,78.98034310349118,78.98990114507212,2731100,SHY
2024-09-05,79.13323211669922,79.18101503202287,79.07589845083025,79.18101503202287,8628200,SHY
2024-09-06,79.27656555175781,79.37212408208838,79.13322411093772,79.21923189168919,6478400,SHY
2024-09-09,79.28614044189453,79.30524923576223,79.23835752125015,79.26702435737674,9361700,SHY
2024-09-10,79.40080261230469,79.40080261230469,79.29569331690656,79.30524406789301,6833800,SHY
2024-09-11,79.33390808105469,79.43902466336449,79.31479928911169,79.31479928911169,3679100,SHY
2024-09-12,79.34346008300781,79.36257616414511,79.26701033975625,79.34346008300781,2599000,SHY
2024-09-13,79.45813751220703,79.47724630337234,79.41991263922736,79.46769555311421,3964000,SHY
2024-09-16,79.50591278076172,79.5250288624908,79.46769519860159,79.50591278076172,2861100,SHY
2024-09-17,79.44859313964844,79.47725997665277,79.42948434519565,79.46770922475153,3015200,SHY
2024-09-18,79.419921875,79.54414725864335,79.36258820418767,79.4103638329813,4413300,SHY
2024-09-19,79.48680877685547,79.48680877685547,79.42947510951329,79.44858390174419,2892600,SHY
2024-09-20,79.51547241210938,79.53458849422083,79.42947191455538,79.4676967881291,4082500,SHY
2024-09-23,79.51547241210938,79.54413924462739,79.45813874707338,79.4963636206471,5030800,SHY
2024-09-24,79.59193420410156,79.60149224660373,79.50592640288262,79.53460053038911,8947900,SHY
2024-09-25,79.52503204345703,79.58236570963956,79.52503204345703,79.5728076683927,4829100,SHY
2024-09-26,79.44859313964844,79.53460094131175,79.44859313964844,79.5250428987602,2321800,SHY
2024-09-27,79.57280731201172,79.58236535321576,79.50591560488192,79.52503168729002,3208500,SHY
2024-09-30,79.45813751220703,79.5441380084245,79.43902143039267,79.52502921725919,5176000,SHY
2024-10-01,79.50894927978516,79.58565085345222,79.4993597544106,79.50894927978516,4955500,SHY
2024-10-02,79.4897689819336,79.51853024029472,79.46100040890857,79.47058993325025,5697700,SHY
2024-10-03,79.38433074951172,79.46102502401149,79.38433074951172,79.45144281136535,6480000,SHY
2024-10-04,79.1158676147461,79.23091998748257,79.09669587662275,79.18297967017601,4013000,SHY
2024-10-07,79.0103988647461,79.05833185936808,79.000809339956,79.000809339956,5052100,SHY
2024-10-08,79.07752227783203,79.07752227783203,79.01999243548474,79.03917148782226,6423500,SHY
2024-10-09,79.00081634521484,79.05833886972762,78.99122681957442,79.05833886972762,4166800,SHY
2024-10-10,79.06793212890625,79.09669339252073,78.99123054949082,79.06793212890625,3859500,SHY
2024-10-11,79.13504791259766,79.15421965102264,79.09669712108212,79.1158688595071,3367200,SHY
2024-10-14,79.09669494628906,79.09669494628906,79.03917241793013,79.0775232083912,1849500,SHY
2024-10-15,79.13504791259766,79.1733987041132,79.1158688595071,79.16380917756793,3387000,SHY
2024-10-16,79.18297576904297,79.20215482088686,79.16380403186415,79.18297576904297,2130700,SHY
2024-10-17,79.1158676147461,79.1350466675349,79.09669587662275,79.1254571411405,2469600,SHY
2024-10-18,79.18297576904297,79.20215482088686,79.16380403186415,79.18297576904297,1725600,SHY
2024-10-21,79.06793212890625,79.1542159197497,79.06793212890625,79.1542159197497,3474300,SHY
2024-10-22,79.0583267211914,79.10626702736187,79.03915498752146,79.09667750319502,4333300,SHY
2024-10-23,79.0103988647461,79.03916012445214,79.000809339956,79.03916012445214,3303900,SHY
2024-10-24,79.04875183105469,79.08710262015806,79.01999056789343,79.04875183105469,2444500,SHY
2024-10-25,79.0199966430664,79.12545949254255,79.0104144310527,79.09669822717008,2453000,SHY
2024-10-28,78.98165130615234,79.03918115553643,78.95289003879338,79.03918115553643,2886400,SHY
2024-10-29,79.0103988647461,79.02957059966205,78.93369729575384,78.9528690306698,2920500,SHY
2024-10-30,78.94327545166016,79.0679173235375,78.94327545166016,79.01997701671331,2949300,SHY
2024-10-31,78.96246337890625,78.99122464036918,78.89535133060453,78.93370211744332,3751500,SHY
2024-11-01,78.93647766113281,79.08077978689478,78.91723248444167,79.06154195008796,5598400,SHY
2024-11-04,78.99420928955078,79.05193014773111,78.97496411023378,79.03269230829945,2400700,SHY
2024-11-05,78.97496032714844,78.99420550554355,78.89800163322295,78.99420550554355,2808600,SHY
2024-11-06,78.8787612915039,78.89800647107907,78.83066302233681,78.84027827223898,6637800,SHY
2024-11-07,79.01343536376953,79.01343536376953,78.90760891293975,78.9364766776168,10555500,SHY
2024-11-08,78.95572662353516,79.03269266137633,78.92686619431606,79.00383223215722,3935000,SHY
2024-11-11,78.89801025390625,78.89801025390625,78.87876507340836,78.87876507340836,1567900,SHY
2024-11-12,78.82105255126953,78.86915816771828,78.7921921173549,78.8402903939171,4609900,SHY
2024-11-13,78.93647766113281,78.9653380862852,78.88837205928927,78.9653380862852,2909700,SHY
2024-11-14,78.82105255126953,78.97497731210973,78.81142996000247,78.95573946946216,4405400,SHY
2024-11-15,78.90762329101562,78.97496674109783,78.82104200086088,78.84990243091246,3299800,SHY
2024-11-18,78.96536254882812,78.96536254882812,78.9076343407555,78.9365021147351,2645000,SHY
2024-11-19,78.96536254882812,79.01346082568763,78.96536254882812,79.00384557424768,2655600,SHY
2024-11-20,78.92687225341797,78.97497052584711,78.92687225341797,78.94611009441245,3362300,SHY
2024-11-21,78.90762329101562,78.97496674109783,78.88838545094309,78.93649106095278,2565700,SHY
2024-11-22,78.89801025390625,78.94610852537946,78.8883876636573,78.92687068476734,2352200,SHY
2024-11-25,79.05193328857422,79.05193328857422,78.98458983805975,79.00383501814137,3579100,SHY
2024-11-26,79.05193328857422,79.05193328857422,78.98458983805975,79.0326954483782,6597200,SHY
2024-11-27,79.10003662109375,79.13851964026321,79.09041403133003,79.1288970504995,2463400,SHY
2024-11-29,79.19624328613281,79.20586587623517,79.17700544581376,79.18662069603046,1597600,SHY
2024-12-02,79.19142150878906,79.22037514544584,79.12386056872651,79.1528142053833,5102300,SHY
2024-12-03,79.2010726928711,79.24933366600003,79.18177272177391,79.23967999865611,3950600,SHY
2024-12-04,79.2879409790039,79.30724095010284,79.18177272898309,79.18177272898309,3935400,SHY
2024-12-05,79.2879409790039,79.2879409790039,79.23002633852578,79.23968000587057,2517700,SHY
2024-12-06,79.36515045166016,79.40375039135868,79.34584311822073,79.39410408822914,5705800,SHY
2024-12-09,79.33618927001953,79.36515027011244,79.33618927001953,79.36515027011244,4641600,SHY
2024-12-10,79.3265380859375,79.33618438845144,79.28793078511264,79.3265380859375,2919500,SHY
2024-12-11,79.30724334716797,79.40375793276114,79.30724334716797,79.38445796107885,2453000,SHY
2024-12-12,79.26862335205078,79.33618428751092,79.26862335205078,79.32653798500925,3185000,SHY
2024-12-13,79.23002624511719,79.28794088552704,79.23002624511719,79.27828721819363,2420800,SHY
2024-12-16,79.23967742919922,79.26863106670146,79.23002376216834,79.258984763261,2930300,SHY
2024-12-17,79.24932098388672,79.26862095189537,79.2300136522886,79.2300136522886,2492600,SHY
2024-12-18,79.10405731201172,79.30743365324004,79.0943706132524,79.28806764450763,6931400,SHY
2024-12-19,79.19121551513672,79.2009022139059,79.13311010009409,79.15248349763246,12522700,SHY
2024-12-20,79.20091247558594,79.26870459818124,79.19122577556169,79.26870459818124,3495400,SHY
2024-12-23,79.15247344970703,79.20089215983401,79.15247344970703,79.18152615354028,2933800,SHY
2024-12-24,79.19121551513672,79.19121551513672,79.15248349763246,79.1621628076154,1583800,SHY
2024-12-26,79.2105941772461,79.22028087665909,79.1524887583416,79.16216806896786,1758100,SHY
2024-12-27,79.22994995117188,79.26868935503217,79.22994995117188,79.23963664933339,3668600,SHY
2024-12-30,79.3461685180664,79.35585521627131,79.31711581223753,79.31711581223753,7397300,SHY
2024-12-31,79.39458465576172,79.41395066095514,79.35584525658999,79.40426396396597,3167100,SHY
2025-01-02,79.37522888183594,79.42365498874665,79.34617617320413,79.41396828960721,3948300,SHY
2025-01-03,79.37522888183594,79.42365498874665,79.35586287234358,79.41396828960721,2804100,SHY
2025-01-06,79.39458465576172,79.40426396396597,79.35584525658999,79.3752112617834,2324300,SHY
2025-01-07,79.3461685180664,79.40427392972417,79.31711581223753,79.38490792210018,4035500,SHY
2025-01-08,79.39458465576172,79.40426396396597,79.36552456479426,79.36552456479426,2747600,SHY
2025-01-10,79.24933624267578,79.35586777342961,79.24933624267578,79.3461810736919,6188500,SHY
2025-01-13,79.2686996459961,79.2686996459961,79.2299602371065,79.259012946577,4855000,SHY
2025-01-14,79.28807067871094,79.30743668818444,79.27838397958092,79.29774998905442,2281900,SHY
2025-01-15,79.46238708496094,79.46238708496094,79.42364768075419,79.45270038671279,3694300,SHY
2025-01-16,79.51081085205078,79.53018424977839,79.41396602977174,79.42365272863555,4775000,SHY
2025-01-17,79.491455078125,79.53019448978182,79.48176837801398,79.5205077896708,2248500,SHY
2025-01-21,79.52049255371094,79.530179251966,79.47206645122144,79.52049255371094,2400400,SHY
2025-01-22,79.50112915039062,79.53018924880865,79.47207644075938,79.52050254933597,2706800,SHY
2025-01-23,79.50112915039062,79.52050254933597,79.47207644075938,79.47207644075938,3378500,SHY
2025-01-24,79.54954528808594,79.59797139059273,79.53017928035474,79.54954528808594,2190000,SHY
2025-01-27,79.66575622558594,79.69480892892251,79.62701682487544,79.68512223154859,3639700,SHY
2025-01-28,79.68512725830078,79.68512725830078,79.63670854594716,79.6463878551465,2980500,SHY
2025-01-29,79.63671112060547,79.69481653282261,79.59797171619874,79.69481653282261,2849200,SHY
2025-01-30,79.68512725830078,79.70450065427075,79.66576125111646,79.67544056031579,1956300,SHY
2025-01-31,79.69480895996094,79.72386166330882,79.66575625661305,79.69480895996094,2987300,SHY
2025-02-03,79.6394271850586,79.71716388674382,79.61999671632724,79.66857659484558,3483200,SHY
2025-02-04,79.71717071533203,79.71717071533203,79.63943400698787,79.63943400698787,3232500,SHY
2025-02-05,79.76575469970703,79.8046230558778,79.7463242283121,79.7463242283121,3456200,SHY
2025-02-06,79.73660278320312,79.76575219607105,79.72689125450094,79.73660278320312,2083200,SHY
2025-02-07,79.6491470336914,79.70744585392967,79.6491470336914,79.69772691276329,3488900,SHY
2025-02-10,79.68801879882812,79.71716821019602,79.67829985724539,79.69773032703056,2573000,SHY
2025-02-11,79.66857147216797,79.68800935302937,79.65885994511669,79.65885994511669,2861900,SHY
2025-02-12,79.56168365478516,79.60055200229179,79.55197212794295,79.5908404754496,4537400,SHY
2025-02-13,79.66857147216797,79.67829041259867,79.63942206425529,79.64914100468599,3512000,SHY
2025-02-14,79.77546691894531,79.80461633027156,79.7560364491879,79.77546691894531,3120500,SHY
2025-02-18,79.70745086669922,79.75603816220674,79.70745086669922,79.74631922042914,2824100,SHY
2025-02-19,79.76575469970703,79.76575469970703,79.71717481452927,79.71717481452927,2694600,SHY
2025-02-20,79.77546691894531,79.8143352718404,79.77546691894531,79.78518586051416,2106500,SHY
2025-02-21,79.9114990234375,79.93093690574236,79.8143318520532,79.8143318520532,3614000,SHY
2025-02-24,79.96980285644531,79.96980285644531,79.89206615631937,79.90178509718005,2497300,SHY
2025-02-25,80.07669830322266,80.10584771582396,80.03782994862739,80.04754147724074,3632100,SHY
2025-02-26,80.10584259033203,80.12527305969611,80.03782482748753,80.07669317959584,2280100,SHY
2025-02-27,80.13500213623047,80.1447210788318,80.06698436478334,80.07670330738466,4639500,SHY
2025-02-28,80.28074645996094,80.28074645996094,80.16414140364787,80.1932908143811,4383100,SHY
2025-03-03,80.3323974609375,80.34214625493136,80.20569288362124,80.21544167761512,5333700,SHY
2025-03-04,80.3421401977539,80.48834235203539,80.3129012541277,80.42011567152409,5198900,SHY
2025-03-05,80.2544174194336,80.41036836986683,80.24467606214446,80.39087821913799,4304600,SHY
2025-03-06,80.30316162109375,80.3421493624262,80.24468372717074,80.29341282672281,4557400,SHY
2025-03-07,80.29341125488281,80.42986462879948,80.2544235143136,80.41037447659045,3499300,SHY
2025-03-10,80.43962097167969,80.46885992081268,80.37139427831876,80.40063322745175,4644400,SHY
2025-03-11,80.3908920288086,80.50784782557378,80.3811432336942,80.4396211320768,4668500,SHY
2025-03-12,80.3323974609375,80.3908827887497,80.31290730910078,80.3323974609375,3475800,SHY
2025-03-13,80.3908920288086,80.4298723369624,80.30316774508283,80.33240669427413,2946600,SHY
2025-03-14,80.3323974609375,80.40062414659256,80.32265610309464,80.40062414659256,3932500,SHY
2025-03-17,80.30316162109375,80.36163951501676,80.28367146850319,80.31291041546469,4582600,SHY
2025-03-18,80.30316162109375,80.3421493624262,80.29341282672281,80.29341282672281,3438500,SHY
2025-03-19,80.42012786865234,80.42012786865234,80.2544281027218,80.28367448693419,3886300,SHY
2025-03-20,80.43962097167969,80.50784766504063,80.42987217658474,80.50784766504063,3039300,SHY
2025-03-21,80.48834991455078,80.54682780729765,80.48834991455078,80.52733765509907,3172500,SHY
2025-03-24,80.38114166259766,80.4493683547611,80.3713928676738,80.4493683547611,2351300,SHY
2025-03-25,80.41036224365234,80.4493499782903,80.39087209440838,80.40061345095535,2711400,SHY
2025-03-26,80.3908920288086,80.4298723369624,80.3908920288086,80.40063338777111,3684800,SHY
2025-03-27,80.42987060546875,80.45911699018231,80.41038045181143,80.42987060546875,2187600,SHY
2025-03-28,80.57606506347656,80.5955626514173,80.4980895840156,80.4980895840156,4087900,SHY
2025-03-31,80.63455200195312,80.67353230631129,80.5663253150996,80.6442933599671,4593200,SHY
2025-04-01,80.66389465332031,80.70300733625143,80.6247745089846,80.64433085045016,4326400,SHY
2025-04-02,80.60520935058594,80.71278788034888,80.57587110817867,80.71278788034888,3071600,SHY
2025-04-03,80.90838623046875,80.94749891159724,80.84970228596748,80.86926608793598,6729500,SHY
2025-04-04,80.85948944091797,81.24090152863985,80.85948944091797,81.15288679827545,12599700,SHY
2025-04-07,80.86927032470703,81.11376563229277,80.7030078448812,81.06486358621376,18363100,SHY
2025-04-08,80.82036590576172,80.9866209193017,80.72256927787964,80.72256927787964,13086100,SHY
2025-04-09,80.77146911621094,80.96706984610556,80.4976355557634,80.87904765230175,25591000,SHY
2025-04-10,80.76168823242188,80.83992851813754,80.71278618849851,80.77146267208309,10029500,SHY
2025-04-11,80.614990234375,80.73235066392726,80.58565199233803,80.71278686163303,6585900,SHY
2025-04-14,80.79103088378906,80.8105872255832,80.66389600861532,80.66389600861532,5006100,SHY
2025-04-15,80.79103088378906,80.84970737057621,80.78124898218962,80.79103088378906,3090700,SHY
2025-04-16,80.89860534667969,80.91816168748983,80.8399288628449,80.8790415444652,3178900,SHY
2025-04-17,80.92794799804688,80.96706814320302,80.88882785289073,80.92794799804688,3384000,SHY
2025-04-21,80.87904357910156,81.02574225378332,80.87904357910156,80.9572838671191,5283700,SHY
2025-04-22,80.90838623046875,80.9572808125815,80.88882242850023,80.93772447201725,3521700,SHY
2025-04-23,80.84970092773438,80.97684325418098,80.81058078585882,80.92794121148549,3647400,SHY
2025-04-24,80.94750213623047,80.94750213623047,80.88882565079602,80.90838945354388,3993500,SHY
2025-04-25,81.01595306396484,81.02573496443816,80.93772024438994,80.96705848440601,2259800,SHY
2025-04-28,81.1333236694336,81.1333236694336,81.01596323323413,81.02574513493529,2847000,SHY
2025-04-29,81.18221282958984,81.19198726833459,81.10397255121013,81.1137544513585,3832200,SHY
2025-04-30,81.289794921875,81.289794921875,81.201772739476,81.21155464005454,5104800,SHY
2025-05-01,81.12203979492188,81.32805688990938,81.09260985059886,81.31824441355957,5150400,SHY
2025-05-02,80.9650650024414,81.08279225703,80.93563505997575,81.05336231456432,4556100,SHY
2025-05-05,80.95526123046875,81.01412860645503,80.92583128483898,81.00431612966953,3420300,SHY
2025-05-06,81.02394104003906,81.04356599541251,81.00432356939307,81.02394104003906,3476300,SHY
2025-05-07,81.0533676147461,81.0926100355084,80.99450024123941,81.02393018562952,2522500,SHY
2025-05-08,80.88658905029297,81.03374626351034,80.87678405821146,81.02393378670205,3566000,SHY
2025-05-09,80.92582702636719,81.00431186706771,80.92582702636719,80.96506944671745,2009600,SHY
2025-05-12,80.77867126464844,80.8277261621444,80.75905379648594,80.76886627293044,4386600,SHY
2025-05-13,80.75904846191406,80.82772082303633,80.73943099504741,80.82772082303633,4241200,SHY
2025-05-14,80.7001953125,80.78848514785832,80.7001953125,80.76886767935424,3960300,SHY
2025-05-15,80.8571548461914,80.8571548461914,80.78848248160355,80.81791242575171,3449300,SHY
2025-05-16,80.83753967285156,80.92582950780212,80.82772719628153,80.92582950780212,3528300,SHY
2025-05-19,80.86697387695312,80.87678635403998,80.80811398388605,80.8179189762459,2906900,SHY
2025-05-20,80.87677764892578,80.90620759229165,80.84734770555991,80.86696517289509,3289200,SHY
2025-05-21,80.82772064208984,80.85715058468693,80.81790816631549,80.84734559363856,4095600,SHY
2025-05-22,80.87677764892578,80.88658264023029,80.84734770555991,80.87677764892578,3415600,SHY
2025-05-23,80.92582702636719,81.00431186706771,80.90620955855525,81.00431186706771,8202300,SHY
2025-05-27,80.95526123046875,80.96507370725426,80.91602629278023,80.93564376162449,3870300,SHY
2025-05-28,80.89639282226562,80.93563524054937,80.8865803465132,80.93563524054937,1972600,SHY
2025-05-29,80.98469543457031,80.99450042623845,80.95525800538651,80.95525800538651,2154300,SHY
2025-05-30,81.08280181884766,81.08280181884766,81.00431697319982,81.02393444224836,4331000,SHY
2025-06-02,81.015869140625,81.07493089013309,81.00603177357407,81.04539626065879,4011000,SHY
2025-06-03,80.99617767333984,81.05523190668241,80.98633279796954,81.03554966538144,4456600,SHY
2025-06-04,81.14382934570312,81.15366671267392,81.05524047688287,81.06508535329411,5744700,SHY
2025-06-05,81.05522918701172,81.16350028413335,81.05522918701172,81.14381804349277,3164700,SHY
2025-06-06,80.91742706298828,80.97648129149495,80.91742706298828,80.95679905180573,1563300,SHY
2025-06-09,80.97649383544922,81.00602846371675,80.94696671662189,80.94696671662189,2166800,SHY
2025-06-10,80.97649383544922,81.0257107064549,80.97649383544922,81.00602846371675,2010600,SHY
2025-06-11,81.10445404052734,81.10445404052734,81.04539229391001,81.07492692193874,1825500,SHY
2025-06-12,81.17335510253906,81.183199978785,81.14382798324156,81.183199978785,2612200,SHY
2025-06-13,81.11430358886719,81.1438307091566,81.08476895913721,81.1438307091566,3572700,SHY
2025-06-16,81.10445404052734,81.14382603512551,81.09460916451776,81.11429891653692,2380700,SHY
2025-06-17,81.14382934570312,81.16351158908516,81.10445734949862,81.13398446929189,2057400,SHY
2025-06-18,81.1832046508789,81.27178601386923,81.15367002044138,81.1832046508789,1921300,SHY
2025-06-20,81.24225616455078,81.27178328455597,81.19303929158183,81.2028841680637,2328700,SHY
2025-06-23,81.35052490234375,81.38989689768128,81.2717809116687,81.2717809116687,3113400,SHY
2025-06-24,81.41942596435547,81.41942596435547,81.33083709536693,81.34068197179687,4292000,SHY
2025-06-25,81.42926025390625,81.43909761961675,81.37019851244588,81.38988826274583,3268100,SHY
2025-06-26,81.52769470214844,81.52769470214844,81.46863295472953,81.47847783087272,4964600,SHY
2025-06-27,81.49816131591797,81.53752579858312,81.47847156514574,81.47847156514574,2432800,SHY
2025-06-30,81.5572280883789,81.5572280883789,81.50801121332113,81.54738321147919,5690200,SHY
2025-07-01,81.4723129272461,81.55130107972803,81.46243658314464,81.5216795808669,5018100,SHY
2025-07-02,81.46243286132812,81.5118070461364,81.45255651767789,81.48217801518568,4292600,SHY
2025-07-03,81.37356567382812,81.39331082703175,81.34393664385868,81.38343448370861,2781500,SHY
2025-07-07,81.35380554199219,81.38342703580811,81.34392919957288,81.37355822683078,4022000,SHY
2025-07-08,81.36368560791016,81.36368560791016,81.33406411273863,81.3439329221676,3648300,SHY
2025-07-09,81.43280792236328,81.43280792236328,81.38343373964163,81.39331008287448,2002200,SHY
2025-07-10,81.43280792236328,81.43280792236328,81.39331008287448,81.43280792236328,2249400,SHY
2025-07-11,81.4130630493164,81.42293939349712,81.39331789439831,81.42293939349712,4146300,SHY
2025-07-14,81.42292785644531,81.45254935134696,81.40318270432496,81.42292785644531,1887300,SHY
2025-07-15,81.34394073486328,81.42293641853604,81.33407192448647,81.42293641853604,3436600,SHY
2025-07-16,81.45255279541016,81.48217429156429,81.37356465014665,81.37356465014665,4457200,SHY
2025-07-17,81.42292785644531,81.46242569412826,81.40318270432496,81.45254935134696,2819800,SHY
2025-07-18,81.49205017089844,81.53154801002665,81.49205017089844,81.52167166688398,1294500,SHY
2025-07-21,81.54142761230469,81.56117276593673,81.53155126876726,81.56117276593673,1857200,SHY
2025-07-22,81.60066986083984,81.60066986083984,81.56117202049394,81.56117202049394,8474300,SHY
2025-07-23,81.53154754638672,81.58092172837684,81.51180239365615,81.57104538529032,2500900,SHY
2025-07-24,81.46243286132812,81.50193070248615,81.46243286132812,81.47230920497836,2147100,SHY
2025-07-25,81.51180267333984,81.52167148301774,81.49204998709902,81.51180267333984,2023400,SHY
2025-07-28,81.50192260742188,81.51179895009116,81.4920462647526,81.50192260742188,2467100,SHY
2025-07-29,81.571044921875,81.58092126490541,81.52167074016538,81.52167074016538,2079200,SHY
2025-07-30,81.48218536376953,81.60067889793014,81.48218536376953,81.53155955303068,3786200,SHY
2025-07-31,81.48218536376953,81.53155955303068,81.47231655267217,81.50193805285141,5883700,SHY
2025-08-01,81.88835144042969,81.9180701734688,81.77937771383814,81.77937771383814,6048700,SHY
2025-08-04,81.90816497802734,81.91807374219611,81.858628715356,81.89825621385857,4535300,SHY
2025-08-05,81.87844848632812,81.91807598591609,81.84872975118034,81.87844848632812,6269300,SHY
2025-08-06,81.90816497802734,81.90816497802734,81.858628715356,81.858628715356,2741800,SHY
2025-08-07,81.86854553222656,81.90817303462694,81.85863676708315,81.88836306251338,2927700,SHY
2025-08-08,81.8487319946289,81.8685419658795,81.83882322991714,81.8685419658795,2621200,SHY
2025-08-11,81.8487319946289,81.8685419658795,81.83882322991714,81.83882322991714,2730500,SHY
2025-08-12,81.90816497802734,81.91807374219611,81.86853747952478,81.87844624369355,2844100,SHY
2025-08-13,82.01713562011719,82.01713562011719,81.96759935931168,81.97750812310723,3589200,SHY
2025-08-14,81.92797088623047,81.94778841358547,81.90816091704761,81.93787964990797,3934100,SHY
2025-08-15,81.89825439453125,81.96760062582712,81.89825439453125,81.94779065610217,1979400,SHY
2025-08-18,81.89825439453125,81.93788189215351,81.88835318875493,81.92797312820485,6377300,SHY
2025-08-19,81.93787384033203,81.95769136628192,81.92796507735709,81.93787384033203,7318900,SHY
2025-08-20,81.96759796142578,81.99731669413336,81.93787922871819,81.94778799234476,2613800,SHY
2025-08-21,81.89825439453125,81.95769942005082,81.87844442480629,81.94779065610217,3399800,SHY
2025-08-22,82.07657623291016,82.08648499708555,81.92797500296929,81.93788376714468,4815300,SHY
2025-08-25,82.03694915771484,82.03694915771484,82.01713918743434,82.02704795166088,5797100,SHY
2025-08-26,82.10629272460938,82.11620148851412,82.0666652271627,82.0666652271627,1673600,SHY
2025-08-27,82.16574096679688,82.16574096679688,82.10629593921333,82.11620470350601,2399500,SHY
2025-08-28,82.13601684570312,82.15582681481679,82.12610808206024,82.13601684570312,1824800,SHY
2025-08-29,82.20536804199219,82.22517801230283,82.16574054319832,82.17564174926736,2757600,SHY
2025-09-02,82.16362762451172,82.18349937981631,82.14375586920713,82.1536879559866,4372200,SHY
2025-09-03,82.2232437133789,82.24312304879504,82.15368120291244,82.1636208706205,3284400,SHY
2025-09-04,82.28287506103516,82.28287506103516,82.24312397150192,82.26299572539598,3232700,SHY
2025-09-05,82.4021224975586,82.49156434634382,82.39219041127322,82.46175292399717,5352500,SHY
2025-09-08,82.45181274414062,82.47168449833329,82.43193340820275,82.46175241210956,2281200,SHY
2025-09-09,82.38225555419922,82.48162949507307,82.38225555419922,82.45181807098548,2467600,SHY
2025-09-10,82.3921890258789,82.44187220170618,82.3921890258789,82.44187220170618,8269500,SHY
2025-09-11,82.42200469970703,82.48162754647363,82.41206503133076,82.45181612309032,4892400,SHY
2025-09-12,82.41206359863281,82.42200326683628,82.38225217576777,82.42200326683628,3057500,SHY
2025-09-15,82.44187927246094,82.46175860989293,82.44187927246094,82.46175860989293,1917300,SHY
2025-09-16,82.48162078857422,82.50149254195311,82.46174903519533,82.47168112101232,2091100,SHY
2025-09-17,82.44187927246094,82.57106463878577,82.44187927246094,82.50150212126536,4243800,SHY
2025-09-18,82.41206359863281,82.44187502149785,82.39219184397125,82.41206359863281,2847600,SHY
2025-09-19,82.44187927246094,82.46175860989293,82.43193960374494,82.44187927246094,2196900,SHY
2025-09-22,82.4021224975586,82.46175292399717,82.4021224975586,82.45181325596653,1835800,SHY
2025-09-23,82.43193817138672,82.45181750847328,82.4120664160458,82.42200608458909,2433300,SHY
2025-09-24,82.3921890258789,82.43193253384267,82.3921890258789,82.4220004477243,3073900,SHY
2025-09-25,82.32261657714844,82.35243557988576,82.31268449131424,82.34249591230666,3458200,SHY
2025-09-26,82.372314453125,82.38225412156324,82.3325633611176,82.35244269799408,2291700,SHY
2025-09-29,82.4021224975586,82.41206216558923,82.38225074324258,82.38225074324258,3836900,SHY
2025-09-30,82.44187927246094,82.47169069686315,82.43193960374494,82.43193960374494,4044100,SHY
2025-10-01,82.5375747680664,82.55750803330037,82.50766346239483,82.54753759807652,4194100,SHY
2025-10-02,82.55751037597656,82.55751037597656,82.50766580365662,82.52760667467018,1896800,SHY
2025-10-03,82.52760314941406,82.58741054947208,82.52760314941406,82.55750684944307,2282300,SHY
2025-10-06,82.5076675415039,82.53757884865426,82.5076675415039,82.51763797722069,2637300,SHY
2025-10-07,82.54753875732422,82.56747962805197,82.51763505644644,82.52760549181032,2301800,SHY
2025-10-08,82.5375747680664,82.57744129853434,82.52760433284254,82.57744129853434,2942100,SHY
2025-10-09,82.52760314941406,82.54753641436218,82.51763271433317,82.53757358449494,2884700,SHY
2025-10-10,82.66716003417969,82.69706373464801,82.58741176278829,82.61731546325663,5552900,SHY
2025-10-13,82.82665252685547,82.82665252685547,82.6671635824408,82.68709684853737,9266400,SHY
2025-10-14,82.766845703125,82.766845703125,82.71700873492748,82.73694200116365,6221200,SHY
2025-10-15,82.72696685791016,82.75687055816984,82.71700402796606,82.73693729306795,3720300,SHY
2025-10-16,82.83661651611328,82.86652021553803,82.71700171841431,82.71700171841431,5563700,SHY
2025-10-17,82.82665252685547,82.85656383382141,82.80671926075891,82.83662296251079,3354600,SHY
2025-10-20,82.83661651611328,82.83661651611328,82.80671281668853,82.83661651611328,3331400,SHY
2025-10-21,82.85655975341797,82.86652258336856,82.83661888308936,82.85655975341797,4726800,SHY
2025-10-22,82.85655975341797,82.87649301853287,82.83661888308936,82.83661888308936,6952900,SHY
2025-10-23,82.79674530029297,82.84658987123349,82.79674530029297,82.83661943600264,4405500,SHY
2025-10-24,82.84658813476562,82.86652139959578,82.82664726472187,82.8565585697875,2293400,SHY
2025-10-27,82.82665252685547,82.83662296251079,82.7967488251036,82.82665252685547,6043700,SHY
2025-10-28,82.83661651611328,82.84658695099269,82.80671281668853,82.81668325156795,6114700,SHY
2025-10-29,82.67713165283203,82.84659102805402,82.66716121746195,82.84659102805402,5335000,SHY
2025-10-30,82.68709564208984,82.70703651310953,82.6472291104784,82.65719194077428,3799300,SHY
2025-10-31,82.71700286865234,82.72696569845681,82.69706199861623,82.71700286865234,3592700,SHY
2025-11-03,82.72000122070312,82.75,82.70999908447266,82.70999908447266,5418800,SHY
2025-11-04,82.75,82.77999877929688,82.75,82.76000213623047,6502000,SHY
2025-11-05,82.69000244140625,82.76000213623047,82.68000030517578,82.75,3952600,SHY
2025-11-06,82.79000091552734,82.81999969482422,82.7699966430664,82.77999877929688,3725200,SHY
2025-11-07,82.83000183105469,82.87999725341797,82.80999755859375,82.80999755859375,2942900,SHY
2025-11-10,82.80999755859375,82.83000183105469,82.80000305175781,82.81999969482422,6287900,SHY
2025-11-11,82.87999725341797,82.87999725341797,82.83999633789062,82.86000061035156,4175200,SHY
2025-11-12,82.8499984741211,82.87000274658203,82.83999633789062,82.8499984741211,2369900,SHY
2025-11-13,82.80000305175781,82.83000183105469,82.80000305175781,82.80000305175781,5328100,SHY
2025-11-14,82.83000183105469,82.88999938964844,82.80000305175781,82.87999725341797,5750000,SHY
2025-11-17,82.81999969482422,82.83000183105469,82.80999755859375,82.83000183105469,7200800,SHY
2025-11-18,82.87000274658203,82.91999816894531,82.8499984741211,82.9000015258789,3498300,SHY
2025-11-19,82.88500213623047,82.91999816894531,82.87999725341797,82.9000015258789,854130,SHY
